plateId            4102
raCen            294.12000000
decCen            46.00600000
theta            0

typedef enum {
  OBJECT,
  COHERENT_SKY,
  GUIDE,
  LIGHT_TRAP,
  ALIGNMENT,
  QUALITY
} HOLETYPE;

typedef struct {
HOLETYPE holeType;
int objId[5];
double ra;
double dec;
double xFocal;
double yFocal;
double xFlat;
double yFlat;
double xDrill;
double yDrill;
double zDrill;
double holeDiam;
} DRILLPOS;

DRILLPOS LIGHT_TRAP { 0 0 0 0 0} 295.20944 45.525289 166.20129 -103.54435 166.256812805068 -103.578941023697 166.267630409635 -103.585680452937 -4.15536765998552 3.175
DRILLPOS LIGHT_TRAP { 0 0 0 0 0} 294.15785 44.694635 5.8669196 -285.80537 5.86905428670176 -285.90936067385 5.86860412267054 -285.887431057241 -6.8752585369821 3.175
DRILLPOS LIGHT_TRAP { 0 0 0 0 0} 294.89394 45.957506 117.07491 -9.9803266 117.111774772008 -9.98346922436479 117.139637591576 -9.98584445607998 -1.86006552652716 3.175
DRILLPOS LIGHT_TRAP { 0 0 0 0 0} 292.49553 46.946491 -241.8616 207.60234 -241.96110263271 207.68774826401 -241.935109887865 207.665437344654 -7.67968273803122 3.175
DRILLPOS LIGHT_TRAP { 0 0 0 0 0} 292.75457 46.331811 -205.31939 72.717428 -205.388102150285 72.7417636014307 -205.393047578146 72.743515110601 -4.83444695193461 3.175
DRILLPOS LIGHT_TRAP { 0 0 0 0 0} 295.16144 44.789284 161.16803 -264.25937 161.231667606442 -264.363713484168 161.215513056903 -264.337225656006 -7.47749004283016 3.175
DRILLPOS LIGHT_TRAP { 0 0 0 0 0} 292.55376 46.14779 -236.33502 33.203565 -236.414765880119 33.2147687882241 -236.412088442943 33.2143926253545 -5.47830051192594 3.175
DRILLPOS LIGHT_TRAP { 0 0 0 0 0} 293.68979 46.467673 -64.478023 100.63935 -64.4984164628793 100.671180765785 -64.5134371530754 100.694625537004 -1.91420910594082 3.175
DRILLPOS LIGHT_TRAP { 0 0 0 0 0} 294.12245 45.797539 0.37258196 -45.331126 0.372656813607247 -45.340233253345 0.372823990344995 -45.3605732337433 -0.359424756805133 3.175
DRILLPOS LIGHT_TRAP { 0 0 0 0 0} 294.86994 44.964871 115.59891 -226.27341 115.638468069919 -226.350841001499 115.63440494764 -226.342887842311 -5.95005444190354 3.175
DRILLPOS LIGHT_TRAP { 0 0 0 0 0} 292.05052 46.009934 -313.39136 4.9190323 -313.517193492951 4.92100739917388 -313.484778051588 4.92049860211233 -7.56568453581 3.175
DRILLPOS LIGHT_TRAP { 0 0 0 0 0} 294.55275 47.424972 63.85655 309.64645 63.8825068757007 309.77231734507 63.8757663673246 309.73963198249 -7.62523477809649 3.175
DRILLPOS LIGHT_TRAP { 0 0 0 0 0} 292.60181 45.067408 -233.78907 -202.45506 -233.881281125229 -202.534912359612 -233.857899573263 -202.514664563142 -7.47141363477365 3.175
DRILLPOS LIGHT_TRAP { 0 0 0 0 0} 294.37088 45.295391 38.420858 -154.64172 38.4336063611844 -154.69303141269 38.4389992423922 -154.714737446057 -3.04936653189944 3.175
DRILLPOS LIGHT_TRAP { 0 0 0 0 0} 294.77286 44.940483 100.67628 -231.71503 100.710673365619 -231.794189259223 100.707350686292 -231.786541829859 -5.90607500408926 3.175
DRILLPOS ALIGNMENT { 0 0 0 0 0} 295.26629 45.701403 174.31192 -65.068911 174.370128882537 -65.0906397985655 174.384833423296 -65.0961288577984 -3.85621877493278 2.16662
DRILLPOS GUIDE { 0 0 0 0 0} 295.27501 45.711351 175.60688 -62.883807 175.665523038545 -62.9048067325716 175.68017270291 -62.9100526925621 -3.87045910764646 2.16662
DRILLPOS ALIGNMENT { 0 0 0 0 0} 294.34517 44.710229 34.878162 -282.35176 34.8908053742998 -282.454112841469 34.8881837480255 -282.432889796727 -6.83756729522028 2.16662
DRILLPOS GUIDE { 0 0 0 0 0} 294.34306 44.721733 34.543318 -279.83393 34.5557573062825 -279.934700283952 34.5532631290103 -279.91449506139 -6.76691541660347 2.16662
DRILLPOS ALIGNMENT { 0 0 0 0 0} 293.56692 44.804866 -85.508992 -261.44741 -85.5392901825775 -261.540047992535 -85.5338332419918 -261.523363162679 -6.57156046434359 2.16662
DRILLPOS GUIDE { 0 0 0 0 0} 293.56732 44.816479 -85.427388 -258.90872 -85.457502385394 -258.999989055024 -85.4523150446587 -258.984267542504 -6.50116029019378 2.16662
DRILLPOS ALIGNMENT { 0 0 0 0 0} 292.34781 45.541081 -270.49371 -98.338244 -270.592670470051 -98.3742211724459 -270.571323000976 -98.3664602798815 -6.92851385766106 2.16662
DRILLPOS GUIDE { 0 0 0 0 0} 292.35194 45.55235 -269.80222 -95.894181 -269.900516216778 -95.9291178333711 -269.879670398008 -95.9217087293312 -6.88819180252129 2.16662
DRILLPOS ALIGNMENT { 0 0 0 0 0} 292.58701 46.620556 -229.38713 136.11064 -229.467092083609 136.158086822216 -229.454944569938 136.150878894464 -6.32824692310589 2.16662
DRILLPOS GUIDE { 0 0 0 0 0} 292.58766 46.608917 -229.33584 133.57115 -229.415601518694 133.617605180218 -229.403869533389 133.610772167249 -6.28889725796417 2.16662
DRILLPOS ALIGNMENT { 0 0 0 0 0} 293.62786 46.918614 -73.207978 198.98383 -73.232456676282 199.05036456212 -73.2349852811718 199.057237467222 -4.6552691163603 2.16662
DRILLPOS GUIDE { 0 0 0 0 0} 293.61946 46.908467 -74.470259 196.77969 -74.4951555120194 196.84547636872 -74.4979492850431 196.852858614961 -4.60507233724479 2.16662
DRILLPOS ALIGNMENT { 0 0 0 0 0} 294.76068 47.00382 95.171256 217.74166 95.2033483874247 217.815083951778 95.202427776673 217.812977692791 -5.44677607806705 2.16662
DRILLPOS GUIDE { 0 0 0 0 0} 294.75432 46.993019 94.243221 215.37727 94.2749530940462 215.449788444452 94.2744319181005 215.448597383162 -5.3685581475701 2.16662
DRILLPOS ALIGNMENT { 0 0 0 0 0} 295.91761 46.352181 270.36258 78.509892 270.45983465163 78.5381335273444 270.440449789603 78.5325044072784 -6.75495989800855 2.16662
DRILLPOS GUIDE { 0 0 0 0 0} 295.91027 46.341711 269.30284 76.201528 269.399318461239 76.2288274007991 269.380541838906 76.2235143958845 -6.70840216626245 2.16662
DRILLPOS ALIGNMENT { 0 0 0 0 0} 293.92839 46.494667 -28.700363 106.36384 -28.7092361739915 106.396724073931 -28.7165988202276 106.424010116488 -1.6677638601727 2.16662
DRILLPOS GUIDE { 0 0 0 0 0} 293.92484 46.483264 -29.237277 103.88124 -29.2462587797296 103.913152630431 -29.2539285213112 103.940403535705 -1.61004187959993 2.16662
DRILLPOS ALIGNMENT { 0 0 0 0 0} 293.76346 45.511449 -54.367276 -107.50387 -54.3845059431636 -107.53793986162 -54.3970438775367 -107.56273191607 -1.93969222852027 2.16662
DRILLPOS GUIDE { 0 0 0 0 0} 293.76676 45.522876 -53.85252 -105.01657 -53.8694969786607 -105.049676418565 -53.8822435910263 -105.074533296382 -1.87393458495771 2.16662
DRILLPOS ALIGNMENT { 0 0 0 0 0} 294.5341 45.077816 63.685984 -201.98354 63.7072782241964 -202.05107578283 63.7095055940651 -202.058140006741 -4.64792138210293 2.16662
DRILLPOS GUIDE { 0 0 0 0 0} 294.52568 45.087833 62.379214 -199.80548 62.4000662311903 -199.872271320295 62.4025308982709 -199.880165840882 -4.571593375544 2.16662
DRILLPOS OBJECT { 0 0 0 0 0} 293.99792 45.042013 -18.784288 -209.93301 -18.7905680958515 -210.003196286816 -18.7912599593872 -210.010928546594 -4.61656922990465 2.16662
DRILLPOS OBJECT { 0 0 0 0 0} 293.61315 45.083072 -77.940341 -200.76634 -77.9664136041068 -200.833500359239 -77.9686333535509 -200.839218206581 -4.75859396538409 2.16662
DRILLPOS OBJECT { 0 0 0 0 0} 293.06074 45.310769 -162.23785 -150.35541 -162.292183902255 -150.405764440412 -162.295121160889 -150.408486571691 -4.9390411695269 2.16662
DRILLPOS OBJECT { 0 0 0 0 0} 292.30854 45.472009 -276.88884 -113.28101 -276.993888279845 -113.323987446254 -276.968750496009 -113.313703053637 -7.22666189891074 2.16662
DRILLPOS OBJECT { 0 0 0 0 0} 294.84629 44.700395 112.56275 -284.15316 112.606499859201 -284.263602048915 112.595598747813 -284.23608330716 -7.38595979494381 2.16662
DRILLPOS OBJECT { 0 0 0 0 0} 294.42435 44.780275 47.076139 -266.99294 47.0926833354727 -267.086771415703 47.0899175642078 -267.071085307686 -6.45677287769608 2.16662
DRILLPOS OBJECT { 0 0 0 0 0} 294.41206 44.932884 45.040313 -233.67261 45.0555041585658 -233.751422899701 45.0550435424242 -233.749033187711 -5.45729805533907 2.16662
DRILLPOS OBJECT { 0 0 0 0 0} 294.47621 44.984102 54.879929 -222.46175 54.8983550054007 -222.53644181323 54.8985974336767 -222.537424522565 -5.18445203699642 2.16662
DRILLPOS OBJECT { 0 0 0 0 0} 295.04593 44.759177 143.35812 -271.02399 143.414053130107 -271.129733714376 143.400046326884 -271.10325331901 -7.40901706649875 2.16662
DRILLPOS OBJECT { 0 0 0 0 0} 295.28982 44.896684 180.65641 -240.51695 180.725353936473 -240.608738524534 180.708666087626 -240.586521153411 -7.26788623280745 2.16662
DRILLPOS OBJECT { 0 0 0 0 0} 295.13921 44.940656 157.2162 -231.15888 157.27247953754 -231.241629200557 157.261578689575 -231.225601413302 -6.69934550122299 2.16662
DRILLPOS OBJECT { 0 0 0 0 0} 294.96811 45.160666 130.25115 -183.42742 130.294817081306 -183.488914582297 130.296319455644 -183.491030315238 -5.05575286845038 2.16662
DRILLPOS OBJECT { 0 0 0 0 0} 295.33753 45.50473 185.83202 -107.7516 185.894179378001 -107.787642079479 185.899657210971 -107.790818309641 -4.74148869596918 2.16662
DRILLPOS OBJECT { 0 0 0 0 0} 295.92704 45.89032 274.04032 -22.091441 274.137389291977 -22.0992661278375 274.119951192898 -22.0978603758045 -6.56735448867263 2.16662
DRILLPOS OBJECT { 0 0 0 0 0} 296.14001 45.935655 306.26174 -11.444828 306.381171326912 -11.4492910811355 306.351282614205 -11.4481741568469 -7.4059835744542 2.16662
DRILLPOS OBJECT { 0 0 0 0 0} 295.93853 46.013373 275.17161 4.7578519 275.26913991115 4.75953823992826 275.251531818995 4.75923378739148 -6.5755065793475 2.16662
DRILLPOS OBJECT { 0 0 0 0 0} 295.08844 45.489365 147.82647 -111.59708 147.875831649234 -111.63434406995 147.888551762649 -111.643946731194 -3.83053553905594 2.16662
DRILLPOS OBJECT { 0 0 0 0 0} 294.81385 45.512656 105.8381 -106.93128 105.873025788617 -106.966566529915 105.889965002949 -106.983680705913 -2.78691361531374 2.16662
DRILLPOS OBJECT { 0 0 0 0 0} 295.29772 45.767432 178.87852 -50.622046 178.938253217976 -50.6389503086229 178.953399485316 -50.6432366535794 -3.8514120474508 2.16662
DRILLPOS OBJECT { 0 0 0 0 0} 295.21394 46.134782 165.0321 29.178235 165.087039313565 29.1879484569694 165.107267545346 29.1915248769541 -3.29598509948569 2.16662
DRILLPOS OBJECT { 0 0 0 0 0} 294.37511 45.226439 39.121905 -169.67256 39.1349500709285 -169.729136758719 39.1392064702802 -169.747596856058 -3.49303904066189 2.16662
DRILLPOS OBJECT { 0 0 0 0 0} 294.40194 45.356614 43.126177 -141.28163 43.140377459805 -141.328150796592 43.1475456147215 -141.351633717665 -2.70698478078977 2.16662
DRILLPOS OBJECT { 0 0 0 0 0} 294.79253 45.636371 102.33796 -80.011767 102.370954287863 -80.0375632077104 102.392207067763 -80.0541794513159 -2.19848341014616 2.16662
DRILLPOS OBJECT { 0 0 0 0 0} 294.75231 46.040111 95.485109 7.8032861 95.513258408708 7.80558654131483 95.541366976789 7.8078836450297 -1.31131414142965 2.16662
DRILLPOS OBJECT { 0 0 0 0 0} 293.87491 45.43575 -37.426842 -124.05321 -37.4389023589136 -124.093184685467 -37.4467042427316 -124.119044434245 -2.18936264105811 2.16662
DRILLPOS OBJECT { 0 0 0 0 0} 294.30258 45.522624 27.83425 -105.145 27.8428217200923 -105.177380017751 27.8500623921727 -105.20473194805 -1.63175368042376 2.16662
DRILLPOS OBJECT { 0 0 0 0 0} 293.43432 46.074885 -103.48705 15.429783 -103.518525780608 15.4344759974769 -103.546557660122 15.4386555138316 -1.52695320643182 2.16662
DRILLPOS OBJECT { 0 0 0 0 0} 293.30632 46.127004 -122.71796 26.956965 -122.757242592602 26.9655940504982 -122.783988016852 26.9714691112099 -2.08058893256068 2.16662
DRILLPOS OBJECT { 0 0 0 0 0} 292.67606 45.611335 -219.99289 -83.985889 -220.066978459371 -84.0141734828526 -220.06562270252 -84.0136559004689 -5.38044107493606 2.16662
DRILLPOS OBJECT { 0 0 0 0 0} 292.47491 45.857103 -249.56448 -29.870959 -249.649614458354 -29.8811489433564 -249.641860081021 -29.8802208037134 -5.86673045250813 2.16662
DRILLPOS OBJECT { 0 0 0 0 0} 293.14612 46.048929 -147.11977 10.239195 -147.168203298052 10.2425658452864 -147.192737049791 10.2442733375435 -2.69994787302111 2.16662
DRILLPOS OBJECT { 0 0 0 0 0} 292.19615 46.29447 -289.72873 66.379376 -289.837913588541 66.404390911282 -289.812162851686 66.3984911931422 -7.17754719701569 2.16662
DRILLPOS OBJECT { 0 0 0 0 0} 292.93686 46.708474 -176.70477 154.32688 -176.764251505946 154.37882876873 -176.763415300012 154.378098459907 -5.35360116005899 2.16662
DRILLPOS OBJECT { 0 0 0 0 0} 292.98884 46.677558 -169.02654 147.46986 -169.083195289223 147.51928979706 -169.085335960027 147.52115745893 -5.03553470640346 2.16662
DRILLPOS OBJECT { 0 0 0 0 0} 293.21546 46.579927 -135.37206 125.73933 -135.417261406969 125.78131499031 -135.429035637714 125.792251396871 -3.81645077697749 2.16662
DRILLPOS OBJECT { 0 0 0 0 0} 293.18426 46.310593 -140.69945 67.132144 -140.746048364416 67.1543775489593 -140.766862895128 67.1643088178667 -2.94710302237639 2.16662
DRILLPOS OBJECT { 0 0 0 0 0} 293.50104 46.849966 -92.186409 184.15766 -92.2172176826311 184.219205459494 -92.2214381172027 184.227636478376 -4.46738377358473 2.16662
DRILLPOS OBJECT { 0 0 0 0 0} 293.67921 46.852739 -65.64255 184.5727 -65.6644792338326 184.63436027824 -65.668741411974 184.646344604374 -4.1578578456651 2.16662
DRILLPOS OBJECT { 0 0 0 0 0} 294.00479 46.604486 -17.225633 130.26849 -17.2311994442685 130.310586118589 -17.2347150739407 130.3371729946 -2.24034639620197 2.16662
DRILLPOS OBJECT { 0 0 0 0 0} 293.74027 46.485603 -56.893233 104.50224 -56.9112067011293 104.535254331056 -56.9245362907643 104.559738296928 -1.89978914137933 2.16662
DRILLPOS OBJECT { 0 0 0 0 0} 294.6664 46.577792 81.754046 124.7538 81.7809972905583 124.794926721876 81.7943204536589 124.81525740037 -2.74894647186083 2.16662
DRILLPOS OBJECT { 0 0 0 0 0} 294.93339 46.460863 121.97162 99.652645 122.012052624186 99.6856790610747 122.029664141736 99.7000679353575 -2.99478500429654 2.16662
DRILLPOS OBJECT { 0 0 0 0 0} 294.71879 46.315869 89.988292 67.768883 90.0162978536418 67.7899738038878 90.0388126371089 67.8069293621348 -1.73221049063836 2.16662
DRILLPOS OBJECT { 0 0 0 0 0} 294.61227 46.231138 74.075277 49.208408 74.0964831038252 49.2224952724528 74.1196886638657 49.2379107891082 -1.15180765965974 2.16662
DRILLPOS OBJECT { 0 0 0 0 0} 295.94552 46.580325 273.52061 128.36628 273.625508568496 128.415510070871 273.599895822015 128.403489722619 -7.30106664464999 2.16662
DRILLPOS OBJECT { 0 0 0 0 0} 295.68174 46.343947 234.83397 75.934552 234.913716158716 75.9603382558635 234.908038706197 75.9585024277098 -5.72832325439925 2.16662
DRILLPOS OBJECT { 0 0 0 0 0} 295.23563 46.267753 167.91154 58.177192 167.967563853714 58.1966028784546 167.984584916716 58.2025002554326 -3.60158113068983 2.16662
DRILLPOS OBJECT { 0 0 0 0 0} 296.03009 46.212566 288.06052 48.493567 288.16727201162 48.5115381743486 288.143191197781 48.5074842881746 -7.04397099263221 2.16662
DRILLPOS OBJECT { 0 0 0 0 0} 295.03911 46.966002 136.63874 209.93431 136.68530895918 210.005859417924 136.681240052066 209.999607873102 -5.84053745269485 2.16662
DRILLPOS OBJECT { 0 0 0 0 0} 295.24387 46.842556 167.45749 183.43369 167.514440607386 183.496073952253 167.509989452499 183.491198137109 -5.77623554353905 2.16662
DRILLPOS OBJECT { 0 0 0 0 0} 295.2652 46.46899 171.75662 102.07092 171.814005452586 102.105022824916 171.823866570722 102.110883055517 -4.27785142007719 2.16662
DRILLPOS OBJECT { 0 0 0 0 0} 295.19498 46.385324 161.45217 83.69356 161.506066097531 83.7214986537354 161.521058687326 83.7292705109582 -3.72786408777985 2.16662
DRILLPOS OBJECT { 0 0 0 0 0} 294.81431 47.248392 102.7297 271.24819 102.767530981592 271.348079177937 102.759170958455 271.326005316686 -6.98890257175143 2.16662
DRILLPOS OBJECT { 0 0 0 0 0} 294.28587 47.108703 24.592807 240.23334 24.6011216742179 240.314561389587 24.6007315878069 240.310750854197 -5.56539672015451 2.16662
DRILLPOS OBJECT { 0 0 0 0 0} 294.82268 47.074179 104.25891 233.18011 104.294645681449 233.260034585162 104.290777265275 233.251382684725 -5.99043075149335 2.16662
DRILLPOS OBJECT { 0 0 0 0 0} 294.54784 46.593439 63.992816 128.0427 64.0137989462964 128.084684604924 64.0251025540544 128.107301900857 -2.57432558425853 2.16662
DRILLPOS OBJECT { 0 0 0 0 0} 293.8428 47.177273 -41.050388 255.25214 -41.0645158429535 255.339987212247 -41.0628087246845 255.329372316442 -6.08400722777704 2.16662
DRILLPOS OBJECT { 0 0 0 0 0} 293.15697 47.157615 -142.72621 251.86885 -142.778683467012 251.961449893124 -142.767154544814 251.941104811615 -6.97404316425204 2.16662
DRILLPOS OBJECT { 0 0 0 0 0} 293.13862 47.069538 -145.65063 232.65082 -145.702172159187 232.733149376806 -145.692986007596 232.718476143329 -6.55447922845087 2.16662
DRILLPOS OBJECT { 0 0 0 0 0} 293.4699 47.045563 -96.499755 226.8545 -96.5325165290996 226.931516778987 -96.5302250700625 226.926129948791 -5.71977922665607 2.16662
DRILLPOS OBJECT { 0 0 0 0 0} 293.22541 44.780528 -138.42825 -266.39396 -138.480964897601 -266.495405552644 -138.468256744309 -266.470949740484 -7.25303281340052 2.16662
DRILLPOS OBJECT { 0 0 0 0 0} 292.64653 45.096747 -226.73632 -196.14255 -226.822536072693 -196.217132847375 -226.801811089765 -196.19920430818 -7.24270461721141 2.16662
DRILLPOS OBJECT { 0 0 0 0 0} 293.24712 45.274168 -133.76814 -158.65702 -133.812849930147 -158.710048653023 -133.818579663677 -158.716844459911 -4.51619722056561 2.16662
DRILLPOS OBJECT { 0 0 0 0 0} 292.95122 45.300133 -179.06097 -152.45293 -179.1212631149 -152.504263699496 -179.120250633842 -152.503401670747 -5.37089084738743 2.16662
DRILLPOS OBJECT { 0 0 0 0 0} 293.9001 44.867997 -33.949946 -247.86924 -33.961513107485 -247.953691684881 -33.9605175369296 -247.946423004191 -5.8313690242678 2.16662
DRILLPOS OBJECT { 0 0 0 0 0} 294.07681 44.924767 -6.6594381 -235.51878 -6.66168101217122 -235.598103199688 -6.66163851322327 -235.596600174925 -5.38456034587888 2.16662
DRILLPOS OBJECT { 0 0 0 0 0} 294.45638 45.253447 51.558844 -163.7422 51.5760270119611 -163.796770350358 51.5819018776458 -163.815427933758 -3.41877620462694 2.16662
DRILLPOS OBJECT { 0 0 0 0 0} 294.25647 45.286528 20.90414 -156.61241 20.9110714024052 -156.664339600326 20.9140669683974 -156.686782179133 -3.00951607919094 2.16662
DRILLPOS OBJECT { 0 0 0 0 0} 294.98175 44.842443 133.17097 -252.87206 133.219415019612 -252.964049957766 133.209207594017 -252.944667559804 -6.87332007005881 2.16662
DRILLPOS OBJECT { 0 0 0 0 0} 295.41991 45.053415 200.13956 -205.9856 200.21265388899 -206.06082894814 200.196995328567 -206.044713004026 -6.911877256383 2.16662
DRILLPOS OBJECT { 0 0 0 0 0} 294.86717 45.161933 114.74058 -183.29618 114.77896842412 -183.357504873008 114.782054104717 -183.362434196759 -4.78590741991986 2.16662
DRILLPOS OBJECT { 0 0 0 0 0} 295.03045 45.219248 139.67524 -170.55764 139.722009395852 -170.614750177729 139.724721113661 -170.618061460314 -4.91600583398856 2.16662
DRILLPOS OBJECT { 0 0 0 0 0} 295.29912 45.253936 180.80821 -162.48894 180.869415310363 -162.543944062057 180.866088910317 -162.540954688856 -5.61463874229397 2.16662
DRILLPOS OBJECT { 0 0 0 0 0} 295.79181 45.283077 256.41201 -154.91068 256.509430758445 -154.969536509634 256.486050034182 -154.955411103049 -7.23696006273302 2.16662
DRILLPOS OBJECT { 0 0 0 0 0} 295.2766 45.601787 176.20659 -86.742609 176.265456252191 -86.7715875546448 176.27672571801 -86.7771352635426 -4.17330160814539 2.16662
DRILLPOS OBJECT { 0 0 0 0 0} 295.47695 45.599153 206.77315 -86.850275 206.842456524968 -86.8793856014142 206.845090594341 -86.8804919812771 -5.03420892747818 2.16662
DRILLPOS OBJECT { 0 0 0 0 0} 294.37431 45.475619 38.806781 -115.35921 38.819110826264 -115.395862331902 38.8279414171772 -115.422112640877 -1.97327189001098 2.16662
DRILLPOS OBJECT { 0 0 0 0 0} 294.45571 45.53596 51.167811 -102.17294 51.1838003215379 -102.20486780692 51.196392808016 -102.230012743556 -1.77456009876522 2.16662
DRILLPOS OBJECT { 0 0 0 0 0} 294.28112 45.759202 24.446069 -53.647905 24.4517915978956 -53.6604634767129 24.4616439129871 -53.6820847878552 -0.56091277293052 2.16662
DRILLPOS OBJECT { 0 0 0 0 0} 295.09721 45.784537 148.34233 -47.298043 148.391453993005 -47.3137058841781 148.413462787371 -47.3207232534097 -2.94136120469309 2.16662
DRILLPOS OBJECT { 0 0 0 0 0} 294.26034 45.455137 21.423911 -119.86015 21.4307185381065 -119.898236068346 21.4355910702255 -119.925496377197 -1.97457702156763 2.16662
DRILLPOS OBJECT { 0 0 0 0 0} 294.13424 45.645732 2.1670555 -78.364582 2.1676425064875 -78.3858091988528 2.16838657456618 -78.4127160242504 -0.923365768985705 2.16662
DRILLPOS OBJECT { 0 0 0 0 0} 294.03701 45.835846 -12.570979 -36.9935 -12.5732839768304 -37.0002830166907 -12.5792042562223 -37.0177050373372 -0.282858675556741 2.16662
DRILLPOS OBJECT { 0 0 0 0 0} 294.11163 46.101777 -1.2606225 20.8242 -1.26077780926757 20.8267655509479 -1.26145969275277 20.8380295717571 -0.121899015668338 2.16662
DRILLPOS OBJECT { 0 0 0 0 0} 293.57863 45.376471 -82.783963 -136.77499 -82.8114385684468 -136.820384910601 -82.8229619824001 -136.839423801361 -3.06523889059432 2.16662
DRILLPOS OBJECT { 0 0 0 0 0} 293.34619 45.459467 -118.161 -118.42352 -118.200332183856 -118.462939568737 -118.214891147148 -118.477530877888 -3.28693906025664 2.16662
DRILLPOS OBJECT { 0 0 0 0 0} 293.67616 45.635344 -67.518802 -80.462383 -67.5393643066539 -80.4868871698658 -67.55758149457 -80.5085966538595 -1.53716499538639 2.16662
DRILLPOS OBJECT { 0 0 0 0 0} 293.48219 45.938188 -96.49216 -14.370711 -96.5207988129122 -14.3749762180627 -96.5487471103032 -14.3791385966928 -1.35321203488482 2.16662
DRILLPOS OBJECT { 0 0 0 0 0} 292.26494 45.618513 -282.78295 -81.187643 -282.888445998008 -81.2179311465244 -282.864185128561 -81.2109657944493 -7.09910398705615 2.16662
DRILLPOS OBJECT { 0 0 0 0 0} 292.53715 45.735659 -240.63995 -56.513139 -240.721696607274 -56.5323367989509 -240.715737733296 -56.5309373859549 -5.73996993159871 2.16662
DRILLPOS OBJECT { 0 0 0 0 0} 292.2505 45.996879 -282.99668 1.3238002 -283.098862098431 1.32427818681715 -283.078082279229 1.32418098310149 -6.79599790601485 2.16662
DRILLPOS OBJECT { 0 0 0 0 0} 292.87194 46.043821 -188.61998 9.7072094 -188.682976710105 9.7104514863182 -188.697829359042 9.71121586861418 -3.94216246933075 2.16662
DRILLPOS OBJECT { 0 0 0 0 0} 292.83404 46.925353 -191.37482 201.89105 -191.443104634694 201.963086940895 -191.430155084118 201.949425800089 -6.66035495682322 2.16662
DRILLPOS OBJECT { 0 0 0 0 0} 292.60622 46.756478 -225.98645 165.69737 -226.067478790753 165.756781781202 -226.051627872058 165.745159599696 -6.71821463867493 2.16662
DRILLPOS OBJECT { 0 0 0 0 0} 293.04276 46.725231 -160.82992 157.742 -160.883843923034 157.794888588561 -160.885614060672 157.796624739716 -5.06522120731506 2.16662
DRILLPOS OBJECT { 0 0 0 0 0} 292.67803 46.601562 -215.81337 131.69887 -215.887112247085 131.74387078291 -215.879931047108 131.739488496853 -5.91162347181466 2.16662
DRILLPOS OBJECT { 0 0 0 0 0} 293.15873 46.887467 -143.1006 192.87497 -143.148935292446 192.940117651935 -143.146967666314 192.937465630692 -5.52467139861988 2.16662
DRILLPOS OBJECT { 0 0 0 0 0} 293.83636 46.380053 -42.566129 81.448847 -42.5784775771518 81.472475584387 -42.5914618187321 81.497320491141 -1.21979130907347 2.16662
DRILLPOS OBJECT { 0 0 0 0 0} 293.25517 46.30185 -130.04558 65.101961 -130.08831510076 65.1233545672633 -130.110605755808 65.1345134652097 -2.640510617949 2.16662
DRILLPOS OBJECT { 0 0 0 0 0} 293.84898 46.239164 -40.765519 50.778545 -40.7755888420755 50.7910882458979 -40.791220922793 50.8105599546761 -0.666816553118381 2.16662
DRILLPOS OBJECT { 0 0 0 0 0} 294.28186 46.810373 24.121488 175.16725 24.1295350726179 175.225686841916 24.1320243177482 175.243763430891 -3.57474108547913 2.16662
DRILLPOS OBJECT { 0 0 0 0 0} 293.98392 46.551767 -20.363215 118.78513 -20.3696691106575 118.822778886656 -20.3743627434513 118.850158344251 -1.94100000211918 2.16662
DRILLPOS OBJECT { 0 0 0 0 0} 294.11621 46.412383 -0.56816631 88.404428 -0.568328566925367 88.429674535079 -0.568507387920125 88.4574983737644 -1.13996877966814 2.16662
DRILLPOS OBJECT { 0 0 0 0 0} 294.27077 46.276904 22.663692 58.939852 22.6691997015336 58.9541754876847 22.6780305685976 58.9771412956291 -0.632001128315787 2.16662
DRILLPOS OBJECT { 0 0 0 0 0} 294.786 46.659324 99.520818 142.67072 99.5540017585468 142.718291461121 99.5648652555413 142.733865116654 -3.48782448179974 2.16662
DRILLPOS OBJECT { 0 0 0 0 0} 295.68321 45.97679 236.6099 -4.0330933 236.689638440256 -4.03445246785031 236.687729621651 -4.03441993141153 -5.4163480466016 2.16662
DRILLPOS OBJECT { 0 0 0 0 0} 295.16598 45.869074 158.54822 -28.764267 158.600872232805 -28.7738193171597 158.622507263999 -28.7777444057784 -3.10274919427707 2.16662
DRILLPOS OBJECT { 0 0 0 0 0} 295.37678 45.76145 190.922 -51.745156 190.98578489233 -51.7624434744872 190.997475213698 -51.7656118757344 -4.21667286604329 2.16662
DRILLPOS OBJECT { 0 0 0 0 0} 294.44517 47.060315 48.252217 229.75563 48.2684608248302 229.832975880449 48.2682198628207 229.831828526363 -5.35850090182684 2.16662
DRILLPOS OBJECT { 0 0 0 0 0} 294.29713 46.963614 26.328196 208.58771 26.3369977739747 208.657442915895 26.3379930870966 208.665328381531 -4.60021835898819 2.16662
DRILLPOS OBJECT { 0 0 0 0 0} 294.41133 46.885693 43.360285 191.6507 43.3747706349548 191.714725918626 43.3775358592604 191.726948097836 -4.17620288550151 2.16662
DRILLPOS OBJECT { 0 0 0 0 0} 294.72934 46.770896 90.87812 166.91508 90.9084737609551 166.970830497899 90.9154166607111 166.983582463589 -3.97836460816144 2.16662
DRILLPOS OBJECT { 0 0 0 0 0} 293.76414 47.357658 -52.554466 294.78129 -52.5744232017595 294.893231194102 -52.5696384412447 294.866393172822 -7.23332264744454 2.16662
DRILLPOS OBJECT { 0 0 0 0 0} 293.72741 47.299304 -58.029407 282.02195 -58.0506441789954 282.125162335649 -58.0460570168522 282.102868804154 -6.93165423546287 2.16662
DRILLPOS OBJECT { 0 0 0 0 0} 293.6198 47.160266 -74.101273 251.71821 -74.1269202164101 251.805332273948 -74.1234349394962 251.793492967678 -6.19976742454622 2.16662
DRILLPOS OBJECT { 0 0 0 0 0} 293.3698 47.14595 -111.18001 248.92085 -111.219201237984 249.0085952365 -111.212452490049 248.993485469265 -6.5006826497886 2.16662
DRILLPOS OBJECT { 0 0 0 0 0} 293.03973 47.229672 -159.96609 267.93191 -160.029934239501 268.0388445949 -160.013565403105 268.011427949285 -7.53495665440035 2.16662
DRILLPOS OBJECT { 0 0 0 0 0} 293.21836 47.062323 -133.82212 230.9162 -133.868782269579 230.996717884297 -133.861666507511 230.984439310793 -6.33300654113757 2.16662
DRILLPOS OBJECT { 0 0 0 0 0} 293.10115 46.911834 -151.61462 198.30439 -151.666246866153 198.371915375851 -151.6619292268 198.366268118099 -5.81429867677428 2.16662
DRILLPOS OBJECT { 0 0 0 0 0} 293.03042 46.854059 -162.30913 185.85407 -162.364245017946 185.917180130671 -162.360334663289 185.91270253087 -5.72664737974267 2.16662
DRILLPOS QUALITY { 0 0 0 0 0} 294.11999 46.006001 0 0 0 0 0 0 -0.056607 3.175

