plateId            7342
raCen            134.49072266
decCen            45.08465958
theta            0

typedef enum {
  OBJECT,
  COHERENT_SKY,
  GUIDE,
  LIGHT_TRAP,
  ALIGNMENT,
  QUALITY,
  MANGA,
  MANGA_SKY,
  MANGA_ALIGNMENT
} HOLETYPE;

typedef struct {
HOLETYPE holeType;
int objId[5];
double ra;
double dec;
double xFocal;
double yFocal;
double xFlat;
double yFlat;
double xDrill;
double yDrill;
double zDrill;
double holeDiam;
} DRILLPOS;

DRILLPOS LIGHT_TRAP { 0 0 0 0 0} 134.20744 45.631473 -43.111737 119.07849 -43.1328906653073 119.136918323655 -43.1421815144755 119.162580483585 -2.10807861383824 3.175
DRILLPOS LIGHT_TRAP { 0 0 0 0 0} 133.04898 45.312693 -220.82591 51.637489 -220.937531414907 51.663590328347 -220.93937545571 51.6640215351591 -5.11186020694631 3.175
DRILLPOS LIGHT_TRAP { 0 0 0 0 0} 134.85121 45.738303 54.77155 142.41287 54.7989634146199 142.484148301463 54.8074668534092 142.506258304245 -2.84942283674396 3.175
DRILLPOS LIGHT_TRAP { 0 0 0 0 0} 134.14079 45.764107 -53.145784 148.02958 -53.1724345567228 148.103811113393 -53.180132629558 148.125252936296 -2.98814661156126 3.175
DRILLPOS LIGHT_TRAP { 0 0 0 0 0} 134.28142 44.409345 -32.548652 -146.96408 -32.56492693517 -147.037564790532 -32.5701300058861 -147.061057760409 -2.78904085309891 3.175
DRILLPOS ALIGNMENT { 0 0 0 0 0} 132.46191 44.976784 -312.94773 -19.604333 -313.126660977765 -19.6155419724125 -313.094240100021 -19.6135109952795 -7.56858699270783 1.1811
DRILLPOS GUIDE { 2825 301 6 187 102} 132.47484 44.983878 -310.89643 -18.106418 -311.073030453405 -18.1167031024322 -311.041358297817 -18.1148585354551 -7.52077167783951 2.16662
DRILLPOS ALIGNMENT { 0 0 0 0 0} 134.29064 44.523571 -31.046255 -122.07132 -31.0614765066141 -122.131169711496 -31.0682187041417 -122.157679477388 -2.08921168347488 1.1811
DRILLPOS GUIDE { 2825 301 3 191 95} 134.29293 44.535111 -30.683574 -119.55735 -30.6985720340019 -119.615789254843 -30.705424264051 -119.642488702119 -2.02003587439912 2.16662
DRILLPOS ALIGNMENT { 0 0 0 0 0} 134.97688 44.891174 74.922919 -41.864953 74.9567862011931 -41.8838770996629 74.980911430799 -41.8973576422932 -1.08239114634936 1.1811
DRILLPOS GUIDE { 2825 301 3 195 127} 134.9884 44.899526 76.687131 -40.037616 76.7218688306318 -40.0557522883886 76.7464141050544 -40.0685671408825 -1.09753126208546 2.16662
DRILLPOS ALIGNMENT { 0 0 0 0 0} 135.58094 44.533578 169.2479 -118.87938 169.333240807793 -118.939323209453 169.340700074552 -118.944562583221 -4.49467080458067 1.1811
DRILLPOS GUIDE { 2825 301 2 196 17} 135.5839 44.545045 169.67329 -116.37525 169.758841470551 -116.433927908428 169.766661417009 -116.439291441038 -4.4613732524121 2.16662
DRILLPOS ALIGNMENT { 0 0 0 0 0} 136.37311 44.552093 292.51032 -112.74828 292.677527469982 -112.812730220572 292.647240950942 -112.801056263465 -7.56695952625665 1.1811
DRILLPOS GUIDE { 2825 301 1 199 42} 136.377 44.563401 293.0553 -110.26744 293.222625405303 -110.330399257484 293.19236964153 -110.319014970571 -7.55867592357715 2.16662
DRILLPOS ALIGNMENT { 0 0 0 0 0} 134.11736 43.673689 -58.89731 -307.56156 -58.9309422813775 -307.737187663247 -58.9248598719287 -307.705425341018 -7.55948055853277 1.1811
DRILLPOS GUIDE { 2825 301 2 187 42} 134.1138 43.684965 -59.443232 -305.08092 -59.476936839055 -305.253903583856 -59.4709108048313 -305.222976125792 -7.50703662747418 2.16662
DRILLPOS ALIGNMENT { 0 0 0 0 0} 134.26871 43.878623 -34.870126 -262.72453 -34.8881745322522 -262.860514371067 -34.8864058056686 -262.847188125547 -6.27794723238548 1.1811
DRILLPOS GUIDE { 2825 301 2 188 64} 134.27085 43.890144 -34.526224 -260.20792 -34.5440455412277 -260.342232578579 -34.5424149107206 -260.329943282983 -6.20244651078369 2.16662
DRILLPOS ALIGNMENT { 0 0 0 0 0} 135.39198 43.990325 141.30446 -237.68731 141.378711254444 -237.81220755053 141.369429265491 -237.796594377488 -6.61294225467782 1.1811
DRILLPOS GUIDE { 2825 301 1 193 26} 135.39744 44.001278 142.13125 -235.28564 142.205754290938 -235.408975225547 142.196708411593 -235.394000577037 -6.56601948415169 2.16662
DRILLPOS ALIGNMENT { 0 0 0 0 0} 136.05587 45.180288 240.30935 23.156005 240.431449855464 23.1677704384385 240.427647159695 23.1674040139018 -5.56335634772953 1.1811
DRILLPOS GUIDE { 2863 301 2 93 35} 136.04262 45.173336 238.29995 21.602338 238.420907157199 21.6133029934603 238.417953146551 21.6130352068473 -5.49740912798118 2.16662
DRILLPOS ALIGNMENT { 0 0 0 0 0} 135.02239 45.383299 81.248953 65.243759 81.2874430741325 65.2746669320763 81.3095424306922 65.2924129465195 -1.51622397696509 1.1811
DRILLPOS GUIDE { 2825 301 4 197 71} 135.01312 45.373626 79.843253 63.128196 79.8808844979391 63.1579494041815 79.9031099899843 63.1755220251019 -1.4561811470604 2.16662
DRILLPOS ALIGNMENT { 0 0 0 0 0} 134.07841 45.361201 -63.021832 60.317962 -63.0504426989076 60.3453451939621 -63.0704853761765 60.3645279661463 -1.11369405139812 1.1811
DRILLPOS GUIDE { 2825 301 5 194 24} 134.06876 45.351696 -64.50741 58.257705 -64.5366672500815 58.284127704684 -64.5572395138586 58.3027068551151 -1.10666882336527 2.16662
DRILLPOS ALIGNMENT { 0 0 0 0 0} 133.35175 45.506671 -173.82458 93.126453 -173.912204815387 93.1733979617067 -173.923043758252 93.1792049212477 -4.19787925467775 1.1811
DRILLPOS GUIDE { 2825 301 6 192 77} 133.34596 45.495737 -174.74183 90.757853 -174.829916703062 90.8036036943113 -174.840912157291 90.8093145410995 -4.18883754065275 2.16662
DRILLPOS ALIGNMENT { 0 0 0 0 0} 132.59243 45.603393 -289.59349 116.52596 -289.758355462566 116.592298184247 -289.728679879058 116.580357391459 -7.5373324916631 1.1811
DRILLPOS GUIDE { 2243 301 2 112 56} 132.5897 45.591907 -290.06493 114.03009 -290.229821759817 114.09491211487 -290.20021226887 114.083272055806 -7.52643164137935 2.16662
DRILLPOS ALIGNMENT { 0 0 0 0 0} 134.8065 46.313735 47.530009 267.90689 47.5548261846891 268.046774147058 47.5519702156395 268.030676237503 -6.48526105904744 1.1811
DRILLPOS GUIDE { 2825 301 6 201 2} 134.80484 46.302175 47.288559 265.37839 47.3131681012428 265.516493672543 47.3104825462854 265.501422622253 -6.41141649364643 2.16662
DRILLPOS ALIGNMENT { 0 0 0 0 0} 134.30936 46.147018 -27.370158 231.43232 -27.3840171542089 231.549508078045 -27.383956612593 231.548996159676 -5.30534937551656 1.1811
DRILLPOS GUIDE { 2825 301 6 198 48} 134.30315 46.136197 -28.313094 229.07383 -28.3274206548575 229.189743213134 -28.3274633889642 229.190088963602 -5.2365439397625 2.16662
DRILLPOS ALIGNMENT { 0 0 0 0 0} 134.23499 46.12853 -38.606277 227.43196 -38.6258113367669 227.547037983257 -38.6258781382723 227.547431515047 -5.23248018680254 1.1811
DRILLPOS GUIDE { 2825 301 6 198 12} 134.22831 46.117842 -39.622278 225.10401 -39.6423147338588 225.217843665467 -39.6425252404604 225.219039605796 -5.16694136210236 2.16662
DRILLPOS MANGA_ALIGNMENT { 0 0 0 0 0} 133.96718 44.945467 -80.607218 -30.018656 -80.6436760478823 -30.0322332158494 -80.669588496182 -30.0418831813355 -1.08657476460569 0.7874
DRILLPOS MANGA_ALIGNMENT { 0 0 0 0 0} 135.62974 44.886115 175.71546 -41.996575 175.803984185326 -42.017732572523 175.820720022715 -42.0217324929062 -3.69158538809343 0.7874
DRILLPOS MANGA_ALIGNMENT { 0 0 0 0 0} 135.79386 45.075516 200.39768 -0.37788943 200.498706958515 -0.378079936296136 200.509970978639 -0.378101176832174 -4.29636998058861 0.7874
DRILLPOS MANGA_ALIGNMENT { 0 0 0 0 0} 136.04922 45.688424 237.22013 133.85225 237.344040024468 133.922166644817 237.329698180225 133.914074211341 -6.4936141651799 0.7874
DRILLPOS MANGA_ALIGNMENT { 0 0 0 0 0} 135.4273 44.951138 144.27957 -28.230673 144.351578173425 -28.2447625845288 144.375784697875 -28.249498989525 -2.68655179071936 0.7874
DRILLPOS MANGA_ALIGNMENT { 0 0 0 0 0} 135.80131 44.398228 203.99633 -147.89508 204.100649948417 -147.970710807264 204.094107852539 -147.965967860206 -5.88561242700373 0.7874
DRILLPOS MANGA_ALIGNMENT { 0 0 0 0 0} 132.44707 45.364229 -313.15525 64.939272 -313.337984529205 64.9771658155941 -313.304070227573 64.9701329778614 -7.70190016935734 0.7874
DRILLPOS MANGA_ALIGNMENT { 0 0 0 0 0} 133.15717 45.220197 -204.56304 31.204195 -204.666188426993 31.2199293361236 -204.675164889336 31.2212986122224 -4.49784885896027 0.7874
DRILLPOS MANGA_ALIGNMENT { 0 0 0 0 0} 135.70692 43.991835 190.77309 -236.83752 190.879233925541 -236.969293637929 190.861008982135 -236.946668065326 -7.34930826574407 0.7874
DRILLPOS MANGA_ALIGNMENT { 0 0 0 0 0} 134.97383 43.665309 76.231245 -309.3463 76.275545546132 -309.526071562617 76.2673563866106 -309.492839963185 -7.67676474637006 0.7874
DRILLPOS MANGA_ALIGNMENT { 0 0 0 0 0} 135.99839 44.784847 233.08762 -63.141596 233.206054384534 -63.173678939715 233.20234150202 -63.1726731491555 -5.56538628698761 0.7874
DRILLPOS MANGA_ALIGNMENT { 0 0 0 0 0} 133.18607 45.180741 -200.26161 22.539055 -200.362571084645 22.5504179738604 -200.373396788472 22.5516363857865 -4.3311308760016 0.7874
DRILLPOS MANGA_ALIGNMENT { 0 0 0 0 0} 134.15894 45.876001 -50.297779 172.40965 -50.3231165319623 172.496501449593 -50.3280170780013 172.513299436387 -3.6590911911638 0.7874
DRILLPOS MANGA_ALIGNMENT { 0 0 0 0 0} 135.97823 45.731154 226.22957 142.94939 226.347016674236 143.023601918626 226.334753880553 143.015853334404 -6.35416029748043 0.7874
DRILLPOS MANGA_ALIGNMENT { 0 0 0 0 0} 133.17566 45.366206 -201.21353 62.954669 -201.315011318845 62.9864199604726 -201.322388146461 62.9887279848922 -4.61843570737751 0.7874
DRILLPOS MANGA_ALIGNMENT { 0 0 0 0 0} 134.48218 44.135939 -1.3358243 -206.6142 -1.33649786400114 -206.718381281366 -1.33655725585546 -206.727567519755 -4.48825152889532 0.7874
DRILLPOS MANGA_ALIGNMENT { 0 0 0 0 0} 135.29038 44.459539 124.28107 -135.50676 124.343694794472 -135.575041380218 124.354721801121 -135.587064401451 -3.78927615384505 0.7874
DRILLPOS MANGA_ALIGNMENT { 0 0 0 0 0} 135.19213 45.956027 106.20681 190.2435 106.260410618515 190.339512386291 106.262949766916 190.344060649052 -4.83647794152751 0.7874
DRILLPOS MANGA_ALIGNMENT { 0 0 0 0 0} 133.8764 44.537245 -95.324589 -118.80554 -95.3722937285025 -118.864995656612 -95.3871488191388 -118.883509946402 -2.84172634623357 0.7874
DRILLPOS MANGA_ALIGNMENT { 0 0 0 0 0} 133.78487 45.146121 -108.32328 13.845569 -108.375094593796 13.8521917918284 -108.4031508412 13.8557778603938 -1.6429771884218 0.7874
DRILLPOS MANGA_ALIGNMENT { 0 0 0 0 0} 133.59101 45.8981 -136.38113 177.93348 -136.450028478354 178.023370339084 -136.45177712758 178.025651763515 -5.03158971422463 0.7874
DRILLPOS MANGA_ALIGNMENT { 0 0 0 0 0} 133.31284 45.535773 -179.67918 99.554153 -179.769775412765 99.6043488523159 -179.77816835478 99.6089990974556 -4.45111864532479 0.7874
DRILLPOS MANGA_ALIGNMENT { 0 0 0 0 0} 134.16591 44.012577 -50.888564 -233.42911 -50.9143900194728 -233.547575609295 -50.9137891126604 -233.544819211169 -5.48616680651794 0.7874
DRILLPOS MANGA_ALIGNMENT { 0 0 0 0 0} 135.26521 45.154579 118.85224 15.784171 118.910065814348 15.7918505569178 118.937642298671 15.7955128517481 -1.92423848922426 0.7874
DRILLPOS MANGA_ALIGNMENT { 0 0 0 0 0} 135.97069 44.330778 230.70664 -162.193 230.828954097879 -162.27899011488 230.812264832242 -162.26725711031 -6.7684955669532 0.7874
DRILLPOS MANGA_ALIGNMENT { 0 0 0 0 0} 133.98618 46.339591 -75.919774 273.7338 -75.9601706689765 273.879452879661 -75.9544966834579 273.858994947091 -6.82564038913586 0.7874
DRILLPOS MANGA_ALIGNMENT { 0 0 0 0 0} 133.06827 44.541418 -220.85727 -116.40888 -220.970027056975 -116.468311698647 -220.963710684922 -116.464982481563 -5.8153565830577 0.7874
DRILLPOS MANGA_ALIGNMENT { 0 0 0 0 0} 135.43873 44.900227 146.17704 -39.293374 146.250161045179 -39.3130294299874 146.273252690537 -39.3192366199629 -2.81369588557255 0.7874
DRILLPOS MANGA_ALIGNMENT { 0 0 0 0 0} 135.99134 44.889255 231.567 -40.418923 231.684338946339 -40.4394039572909 231.683052798279 -40.439179466239 -5.36775872225142 0.7874
DRILLPOS MANGA { 0 0 0 0 0} 133.98503 44.945544 -77.857218 -30.018656 -77.8921453368451 -30.0321225961189 -77.9177427504702 -30.0419919438023 -1.03028899433304 2.8448
DRILLPOS MANGA { 0 0 0 0 0} 135.64754 44.88594 178.46546 -41.996575 178.555385458123 -42.0177363006039 178.57141119342 -42.021507484083 -3.77313555770106 2.8448
DRILLPOS MANGA { 0 0 0 0 0} 135.81172 45.075312 203.14768 -0.37788943 203.250100612087 -0.378079949855904 203.260457278079 -0.378099215025993 -4.38114576635174 2.8448
DRILLPOS MANGA { 0 0 0 0 0} 136.06723 45.68816 239.97013 133.85225 240.095901305823 133.92240361566 240.080660694511 133.913902598823 -6.56295373418779 2.8448
DRILLPOS MANGA { 0 0 0 0 0} 135.44512 44.950994 147.02957 -28.230673 147.103057659398 -28.2447831282007 147.126828724891 -28.2493473337329 -2.76532672184567 2.8448
DRILLPOS MANGA { 0 0 0 0 0} 135.81895 44.398037 206.74633 -147.89508 206.85223810891 -147.970840901003 206.844924475231 -147.965609125242 -5.95328510074249 2.8448
DRILLPOS MANGA { 0 0 0 0 0} 132.46485 45.364567 -310.40525 64.939272 -310.584757737854 64.9768264608688 -310.551749261775 64.9699208224932 -7.64577395555257 2.8448
DRILLPOS MANGA { 0 0 0 0 0} 133.17507 45.220406 -201.81304 31.204195 -201.914791113438 31.219927687963 -201.924674794111 31.2214558959472 -4.413943293339 2.8448
DRILLPOS MANGA { 0 0 0 0 0} 135.7244 43.991691 193.52309 -236.83752 193.631270042775 -236.969912951375 193.612479447814 -236.946916636517 -7.39103786400289 2.8448
DRILLPOS MANGA { 0 0 0 0 0} 134.99125 43.665261 78.981245 -309.3463 79.0272470893488 -309.526476649942 79.0187243861631 -309.493095728984 -7.69063351076425 2.8448
DRILLPOS MANGA { 0 0 0 0 0} 136.01614 44.784617 235.83762 -63.141596 235.957617680734 -63.1737233810254 235.952874041312 -63.1724533505528 -5.64685554676356 2.8448
DRILLPOS MANGA { 0 0 0 0 0} 133.20396 45.180945 -197.51161 22.539055 -197.611178560601 22.5504172751779 -197.622887631452 22.551753456843 -4.24694889036108 2.8448
DRILLPOS MANGA { 0 0 0 0 0} 134.17708 45.876056 -47.547779 172.40965 -47.5717296816579 172.496495878582 -47.5764356028736 172.513559687803 -3.63626435311206 2.8448
DRILLPOS MANGA { 0 0 0 0 0} 135.99626 45.730902 228.97957 142.94939 229.098789259007 143.023817252839 229.085671431671 143.015627939636 -6.42249642338518 2.8448
DRILLPOS MANGA { 0 0 0 0 0} 133.19361 45.366415 -198.46353 62.954669 -198.563608940818 62.9864150673658 -198.571845449701 62.9890277725338 -4.53738058248116 2.8448
DRILLPOS MANGA { 0 0 0 0 0} 134.49977 44.135939 1.4141757 -206.6142 1.41488877122072 -206.718381283705 1.41495164526701 -206.727567321039 -4.48826762947596 2.8448
DRILLPOS MANGA { 0 0 0 0 0} 135.30806 44.459422 127.03107 -135.50676 127.095086423366 -135.575047688336 127.105878358927 -135.586559676875 -3.84638380190086 2.8448
DRILLPOS MANGA { 0 0 0 0 0} 135.21028 45.955908 108.95681 190.2435 109.011808340236 190.339529580352 109.014151106671 190.343620156114 -4.87836219872465 2.8448
DRILLPOS MANGA { 0 0 0 0 0} 133.89411 44.53733 -92.574589 -118.80554 -92.6208800673326 -118.864947611862 -92.6356599992695 -118.883915428127 -2.79166368608568 2.8448
DRILLPOS MANGA { 0 0 0 0 0} 133.80277 45.146232 -105.57328 13.845569 -105.623520980382 13.8521579300825 -105.651609505885 13.8558416426466 -1.57345740322795 2.8448
DRILLPOS MANGA { 0 0 0 0 0} 133.60914 45.898248 -133.63113 177.93348 -133.698618222885 178.023342402249 -133.700718063011 178.026138396423 -4.98016401430671 2.8448
DRILLPOS MANGA { 0 0 0 0 0} 133.33085 45.535963 -176.92918 99.554153 -177.018381727476 99.6043448475237 -177.027446375905 99.6094453255601 -4.37703310492727 2.8448
DRILLPOS MANGA { 0 0 0 0 0} 134.18346 44.012621 -48.138564 -233.42911 -48.1629883421477 -233.547546280108 -48.162464214039 -233.545004726148 -5.46860562220342 2.8448
DRILLPOS MANGA { 0 0 0 0 0} 135.2831 45.154455 121.60224 15.784171 121.661618097132 15.7918783747884 121.689015400641 15.7954345899002 -1.99799252537283 2.8448
DRILLPOS MANGA { 0 0 0 0 0} 135.98827 44.330575 233.45664 -162.193 233.58090687744 -162.27933388047 233.563404772279 -162.267174367927 -6.83122304456307 2.8448
DRILLPOS MANGA { 0 0 0 0 0} 134.00445 46.339684 -73.169774 273.7338 -73.2086570162859 273.879264379915 -73.2032498958858 273.859035923091 -6.80558515143106 2.8448
DRILLPOS MANGA { 0 0 0 0 0} 133.08595 44.541626 -218.10727 -116.40888 -218.218446947674 -116.468217700942 -218.21301716336 -116.465319699832 -5.74123598481767 2.8448
DRILLPOS MANGA { 0 0 0 0 0} 135.45654 44.900083 148.92704 -39.293374 149.001625661046 -39.3130529130738 149.024269340311 -39.3190272919249 -2.89185969176304 2.8448
DRILLPOS MANGA { 0 0 0 0 0} 136.00913 44.889024 234.317 -40.418923 234.43585845147 -40.4394256976184 234.433520881307 -40.4390224743423 -5.45125497524385 2.8448
DRILLPOS MANGA_SKY { 0 0 0 0 0} 134.23197 44.900619 -39.859149 -39.960233 -39.8750296917091 -39.9761539656207 -39.8914209425994 -39.9925867852159 -0.52026697196424 2.16662
DRILLPOS MANGA_SKY { 0 0 0 0 0} 133.98675 45.112598 -77.361547 6.3175349 -77.3955555010563 6.32031211814844 -77.4222952501096 6.32249575206493 -0.907380380060334 2.16662
DRILLPOS MANGA_SKY { 0 0 0 0 0} 133.835 44.943208 -100.98406 -30.368466 -101.032020153842 -30.3828888336759 -101.059157448405 -30.3910497058698 -1.54756327200212 2.16662
DRILLPOS MANGA_SKY { 0 0 0 0 0} 133.98722 44.808662 -77.717212 -59.805337 -77.7535334857804 -59.8332872910814 -77.7759379476039 -59.8505280844035 -1.36544374183909 2.16662
DRILLPOS MANGA_SKY { 0 0 0 0 0} 135.93984 44.880795 223.64172 -42.404087 223.754787489355 -42.4255254134387 223.756332730626 -42.4258184023554 -5.13793620617418 2.16662
DRILLPOS MANGA_SKY { 0 0 0 0 0} 135.9997 45.073187 232.10532 -0.33516841 232.222813221829 -0.335338074427972 232.222662856727 -0.33533785729537 -5.27634266972135 2.16662
DRILLPOS MANGA_SKY { 0 0 0 0 0} 135.81912 45.124211 204.11235 10.288915 204.215260942101 10.2941025446824 204.225195608466 10.2946033323015 -4.41889046444374 2.16662
DRILLPOS MANGA_SKY { 0 0 0 0 0} 135.5667 45.089215 165.38272 2.0910016 165.465852893157 2.09205268328489 165.48689372221 2.0923187111215 -3.23007940380174 2.16662
DRILLPOS MANGA_SKY { 0 0 0 0 0} 135.81753 44.940075 204.52837 -29.812763 204.631499858842 -29.827795565115 204.640566171564 -29.8291171022321 -4.49045127697278 2.16662
DRILLPOS MANGA_SKY { 0 0 0 0 0} 136.11591 45.692374 247.38591 134.93138 247.517016581615 135.002889294868 247.499185942936 134.993163952454 -6.76224807010811 2.16662
DRILLPOS MANGA_SKY { 0 0 0 0 0} 136.26756 45.820807 270.0453 163.5231 270.200745619604 163.61722846511 270.172320375005 163.60001585628 -7.61521621796029 2.16662
DRILLPOS MANGA_SKY { 0 0 0 0 0} 136.09734 45.795301 244.14676 157.32567 244.278283720476 157.41042253755 244.258294006949 157.397541371019 -6.9995283182964 2.16662
DRILLPOS MANGA_SKY { 0 0 0 0 0} 135.90279 45.794478 214.51016 156.53521 214.621254621381 156.616279446257 214.610221218801 156.608228004825 -6.29345248751155 2.16662
DRILLPOS MANGA_SKY { 0 0 0 0 0} 135.75078 45.692832 191.71385 133.9699 191.810953789065 134.03775626031 191.810262939609 134.037273493767 -5.33126343068363 2.16662
DRILLPOS MANGA_SKY { 0 0 0 0 0} 135.82903 45.53578 204.17848 99.951348 204.281699966284 100.001877197644 204.283213827383 100.002618277005 -5.12878866083424 2.16662
DRILLPOS MANGA_SKY { 0 0 0 0 0} 136.05084 45.560782 237.97356 106.03265 238.0961524408 106.087272880659 238.085566081753 106.082555971337 -6.14384864231186 2.16662
DRILLPOS MANGA_SKY { 0 0 0 0 0} 136.21025 45.591714 262.22996 113.30303 262.369901182119 113.363495096955 262.349823621151 113.354820083266 -6.86963359167466 2.16662
DRILLPOS MANGA_SKY { 0 0 0 0 0} 135.71797 44.930749 189.1942 -32.082449 189.289562313719 -32.0986199849795 189.303317569553 -32.1009525210391 -4.03490668115211 2.16662
DRILLPOS MANGA_SKY { 0 0 0 0 0} 135.52069 45.016042 158.50498 -13.930204 158.584514791563 -13.9371939120619 158.606836188146 -13.9391556271321 -3.04261382199278 2.16662
DRILLPOS MANGA_SKY { 0 0 0 0 0} 135.45381 45.166121 147.80991 18.612275 147.883759427373 18.621574145442 147.907902422273 18.6246142397117 -2.74374741551722 2.16662
DRILLPOS MANGA_SKY { 0 0 0 0 0} 135.25806 45.069929 117.92799 -2.6468043 117.985209174766 -2.64808854098309 118.013139103151 -2.64871540704389 -1.87228717911825 2.16662
DRILLPOS MANGA_SKY { 0 0 0 0 0} 135.20036 44.946729 109.28975 -29.534968 109.342390219682 -29.5491937366664 109.36957870099 -29.5565412777247 -1.74679141689885 2.16662
DRILLPOS MANGA_SKY { 0 0 0 0 0} 135.36568 44.894126 134.91365 -40.744013 134.980721564059 -40.7642686574369 135.005236484857 -40.7716721799989 -2.51065872574037 2.16662
DRILLPOS MANGA_SKY { 0 0 0 0 0} 135.43211 44.721858 145.62509 -78.14215 145.698289086526 -78.1814284924573 145.716856830352 -78.1913919089485 -3.22618585111224 2.16662
DRILLPOS MANGA_SKY { 0 0 0 0 0} 135.67688 44.833378 183.16886 -53.378394 183.261182732799 -53.4052983504803 183.274899990058 -53.4092957830272 -4.00095172058771 2.16662
DRILLPOS MANGA_SKY { 0 0 0 0 0} 136.13267 44.38449 255.78622 -150.0437 255.925872738048 -150.125620024979 255.903299036856 -150.112378335691 -7.15984032403892 2.16662
DRILLPOS MANGA_SKY { 0 0 0 0 0} 135.71174 44.398505 190.03704 -148.03844 190.13357195199 -148.113638180222 190.130724807233 -148.111420260661 -5.54709281988987 2.16662
DRILLPOS MANGA_SKY { 0 0 0 0 0} 132.62995 45.370319 -284.9155 65.546144 -285.069605659959 65.5815967281909 -285.045694949816 65.5760959574356 -7.05043779964613 2.16662
DRILLPOS MANGA_SKY { 0 0 0 0 0} 132.47689 45.510088 -307.81898 96.640444 -308.000366015566 96.6973905374738 -307.966431270387 96.6867366497857 -7.75850988566014 2.16662
DRILLPOS MANGA_SKY { 0 0 0 0 0} 132.43666 45.336894 -314.90793 59.019975 -315.092047918696 59.054482339839 -315.057816405741 59.0480666772076 -7.71360352531173 2.16662
DRILLPOS MANGA_SKY { 0 0 0 0 0} 132.46975 45.178279 -310.62365 24.296183 -310.800174719082 24.309990309517 -310.76849237371 24.3075121979468 -7.52414348825653 2.16662
DRILLPOS MANGA_SKY { 0 0 0 0 0} 133.30096 45.22157 -182.47579 31.154329 -182.567744759159 31.1700285556503 -182.583475745352 31.1727143273867 -3.82735407164852 2.16662
DRILLPOS MANGA_SKY { 0 0 0 0 0} 132.92296 45.217894 -240.55356 31.354911 -240.675855735612 31.3708516159101 -240.671605096346 31.3702975670909 -5.5991545943871 2.16662
DRILLPOS MANGA_SKY { 0 0 0 0 0} 135.96623 44.091829 231.11817 -214.42842 231.251026727023 -214.551682736382 231.226774633613 -214.52918196082 -7.60599413569864 2.16662
DRILLPOS MANGA_SKY { 0 0 0 0 0} 135.8091 44.051378 206.59215 -223.60912 206.707193980971 -223.733640139542 206.687397416191 -223.712212934154 -7.35707319663998 2.16662
DRILLPOS MANGA_SKY { 0 0 0 0 0} 135.7081 44.199 190.17198 -191.55615 190.27099225511 -191.655882917498 190.260100893559 -191.644912282986 -6.42211552103298 2.16662
DRILLPOS MANGA_SKY { 0 0 0 0 0} 135.55587 44.130197 166.57954 -206.86999 166.665816214666 -206.977133768468 166.657237049616 -206.96647956815 -6.2949042677331 2.16662
DRILLPOS MANGA_SKY { 0 0 0 0 0} 135.50771 43.997581 159.44942 -235.92222 159.534368310792 -236.047909977845 159.522325840873 -236.03009187454 -6.84457725293581 2.16662
DRILLPOS MANGA_SKY { 0 0 0 0 0} 135.53699 43.84098 164.59142 -270.18252 164.686368893001 -270.338381898403 164.668959779696 -270.309804235584 -7.62964938890922 2.16662
DRILLPOS MANGA_SKY { 0 0 0 0 0} 135.46485 43.857781 153.16335 -266.59549 153.249353935431 -266.745188092318 153.234264280445 -266.718923101608 -7.42928841659688 2.16662
DRILLPOS MANGA_SKY { 0 0 0 0 0} 135.89359 44.135491 219.49583 -205.03169 219.616776764887 -205.144666723088 219.596581086141 -205.125801881126 -7.25671525670861 2.16662
DRILLPOS MANGA_SKY { 0 0 0 0 0} 135.24009 43.730792 118.10994 -294.73754 118.178332183619 -294.90820932686 118.165737587421 -294.876780132155 -7.65415994678675 2.16662
DRILLPOS MANGA_SKY { 0 0 0 0 0} 136.23743 44.772835 270.19876 -65.040838 270.341048143564 -65.0750888607179 270.322833378221 -65.0707042972878 -6.65285451812777 2.16662
DRILLPOS MANGA_SKY { 0 0 0 0 0} 133.51598 45.188279 -149.54394 23.457398 -149.618745472839 23.4691319542408 -149.642366839828 23.4728371916899 -2.81388424683316 2.16662
DRILLPOS MANGA_SKY { 0 0 0 0 0} 132.98396 45.159314 -231.41527 18.416295 -231.532415440639 18.4256175697367 -231.532249558543 18.4256043686475 -5.27761932075413 2.16662
DRILLPOS MANGA_SKY { 0 0 0 0 0} 134.49354 45.879425 0.42706078 173.0426 0.427275756331588 173.12970718731 0.427323166893039 173.148917677258 -3.46033014971499 2.16662
DRILLPOS MANGA_SKY { 0 0 0 0 0} 133.84476 45.868512 -97.952511 171.08999 -98.0018887225236 171.176236222445 -98.0080067172523 171.186922295179 -4.19623757847748 2.16662
DRILLPOS MANGA_SKY { 0 0 0 0 0} 136.29236 45.737399 274.18213 145.39832 274.337377551874 145.480647514294 274.309689394503 145.46596453125 -7.49633155429786 2.16662
DRILLPOS MANGA_SKY { 0 0 0 0 0} 133.37459 45.366691 -170.7426 62.58968 -170.828626120123 62.6212148795796 -170.844474248006 62.6270243802713 -3.72778770099644 2.16662
DRILLPOS MANGA_SKY { 0 0 0 0 0} 134.8066 44.145642 49.367166 -204.41017 49.3920632680904 -204.513259871574 49.3939225971035 -204.520958627457 -4.60158748041243 2.16662
DRILLPOS MANGA_SKY { 0 0 0 0 0} 135.57799 44.471307 168.98017 -132.45297 169.065421268883 -132.519793129364 169.070424649514 -132.523714966018 -4.73818601653262 2.16662
DRILLPOS MANGA_SKY { 0 0 0 0 0} 135.0596 44.443277 88.425804 -139.32859 88.4702490065613 -139.398620011791 88.4815703372259 -139.416458526874 -3.21881125615681 2.16662
DRILLPOS MANGA_SKY { 0 0 0 0 0} 135.47581 45.951987 149.19548 189.84426 149.271286585113 189.940720328784 149.268918157836 189.93770661601 -5.56433274797888 2.16662
DRILLPOS MANGA_SKY { 0 0 0 0 0} 134.0392 44.543386 -70.044617 -117.61622 -70.0793312750087 -117.674510872039 -70.0927170765888 -117.696987793906 -2.39527264839129 2.16662
DRILLPOS MANGA_SKY { 0 0 0 0 0} 134.06517 44.706719 -65.80695 -82.05946 -65.8381870487569 -82.0984117422245 -65.855916691701 -82.12052012023 -1.54090937716512 2.16662
DRILLPOS MANGA_SKY { 0 0 0 0 0} 133.75647 44.747442 -113.50008 -72.881803 -113.556234729325 -72.9178616346738 -113.578460454625 -72.9321334390006 -2.338336454995 2.16662
DRILLPOS MANGA_SKY { 0 0 0 0 0} 133.57278 44.52916 -142.49617 -120.15546 -142.567981979239 -120.216013216265 -142.579900468257 -120.226063111153 -3.86638759080803 2.16662
DRILLPOS MANGA_SKY { 0 0 0 0 0} 133.84504 44.421938 -100.40972 -143.89765 -100.460280681715 -143.970108754801 -100.470919950219 -143.985355941383 -3.53370050937204 2.16662
DRILLPOS MANGA_SKY { 0 0 0 0 0} 133.9381 44.489685 -85.822991 -129.23089 -85.865992566027 -129.295641071762 -85.8788304933991 -129.314972217889 -2.92459683560994 2.16662
DRILLPOS MANGA_SKY { 0 0 0 0 0} 133.91711 45.144678 -88.012384 13.36804 -88.052551473288 13.3741409640372 -88.080101639195 13.3783255083378 -1.15387769033668 2.16662
DRILLPOS MANGA_SKY { 0 0 0 0 0} 133.91063 45.220713 -88.892513 29.917013 -88.9336181670707 29.9308470539166 -88.9602732493125 29.9398178931361 -1.26382981395803 2.16662
DRILLPOS MANGA_SKY { 0 0 0 0 0} 133.80022 45.355884 -105.59192 59.473967 -105.643384143623 59.5029538465271 -105.667546478315 59.5165631254953 -1.95912875325443 2.16662
DRILLPOS MANGA_SKY { 0 0 0 0 0} 133.63011 45.285078 -131.79407 44.324213 -131.859499331958 44.3462178113404 -131.884023118734 44.3544655082865 -2.45668591192462 2.16662
DRILLPOS MANGA_SKY { 0 0 0 0 0} 133.58472 45.14807 -139.0804 14.580496 -139.149488070595 14.5877388490064 -139.175110947007 14.5904250236725 -2.4794236936417 2.16662
DRILLPOS MANGA_SKY { 0 0 0 0 0} 133.59233 44.997835 -138.27474 -18.131433 -138.343408087919 -18.1404371813519 -138.369005839198 -18.1437937156854 -2.46842675842137 2.16662
DRILLPOS MANGA_SKY { 0 0 0 0 0} 133.83604 44.990505 -100.73766 -20.078535 -100.785234843758 -20.0880173839021 -100.813027906423 -20.0935569604762 -1.47929097701247 2.16662
DRILLPOS MANGA_SKY { 0 0 0 0 0} 133.99727 45.010609 -75.881902 -15.876116 -75.9152484168411 -15.8830927832382 -75.9414977118662 -15.8885846968797 -0.905447764436731 2.16662
DRILLPOS MANGA_SKY { 0 0 0 0 0} 133.84528 45.904901 -97.814342 179.02173 -97.8636581876649 179.111989455334 -97.8684873208617 179.120827829765 -4.4074597707565 2.16662
DRILLPOS MANGA_SKY { 0 0 0 0 0} 133.37111 45.907143 -169.71355 180.35168 -169.800081726483 180.443635782226 -169.795747482754 180.439029855721 -5.75404988129313 2.16662
DRILLPOS MANGA_SKY { 0 0 0 0 0} 133.59666 45.545285 -136.32768 101.04323 -136.396268601249 101.094066439169 -136.412365396902 101.105997048019 -3.35915171843645 2.16662
DRILLPOS MANGA_SKY { 0 0 0 0 0} 134.41604 44.002867 -11.702222 -235.63513 -11.7081536187111 -235.754568662683 -11.7080721661819 -235.752928540209 -5.39419751029053 2.16662
DRILLPOS MANGA_SKY { 0 0 0 0 0} 135.61147 45.160528 172.05952 17.710421 172.146131401892 17.7193360800311 172.165259614587 17.7213049841626 -3.45807702745736 2.16662
DRILLPOS MANGA_SKY { 0 0 0 0 0} 136.08823 44.325544 249.12186 -163.03359 249.258252882591 -163.12285001636 249.235972700198 -163.108269127628 -7.19013247916074 2.16662
DRILLPOS MANGA_SKY { 0 0 0 0 0} 136.17553 44.473636 262.04054 -130.46709 262.182384660419 -130.537712889408 262.160292482296 -130.526713437982 -7.06010017784653 2.16662
DRILLPOS MANGA_SKY { 0 0 0 0 0} 135.99141 44.477065 233.30276 -130.23066 233.423817897883 -130.298235068291 233.41130256269 -130.291248951358 -6.34181469673721 2.16662
DRILLPOS MANGA_SKY { 0 0 0 0 0} 135.90541 44.409304 220.18184 -145.22766 220.295645964246 -145.302724200942 220.284859053512 -145.295609364384 -6.24039721633662 2.16662
DRILLPOS MANGA_SKY { 0 0 0 0 0} 135.84824 44.347135 211.51205 -158.92488 211.621470619423 -159.007095924867 211.610875971392 -158.99913537053 -6.26419364685321 2.16662
DRILLPOS MANGA_SKY { 0 0 0 0 0} 135.85868 44.250434 213.53237 -179.99922 213.645061583765 -180.094214483404 213.630313046123 -180.081782057952 -6.69147068994166 2.16662
DRILLPOS MANGA_SKY { 0 0 0 0 0} 136.01479 44.203659 238.20314 -189.84978 238.335846891878 -189.955548438768 238.312984832446 -189.937327197211 -7.36113620195085 2.16662
DRILLPOS MANGA_SKY { 0 0 0 0 0} 136.16082 44.208319 261.12789 -188.47587 261.281442265846 -188.586700355562 261.252759096199 -188.565997529243 -7.74680586063034 2.16662
DRILLPOS MANGA_SKY { 0 0 0 0 0} 134.09492 46.340783 -59.552768 273.88542 -59.5842489219024 274.030201943926 -59.5800633535216 274.010952357511 -6.71993769714755 2.16662
DRILLPOS MANGA_SKY { 0 0 0 0 0} 133.21421 44.53725 -198.18533 -117.67629 -198.285603807438 -117.735829470674 -198.28601219652 -117.736071959419 -5.22641057748462 2.16662
DRILLPOS MANGA_SKY { 0 0 0 0 0} 135.74137 44.879562 192.98106 -43.174602 193.078342621599 -43.1963665113413 193.090170194417 -43.1990126298208 -4.21488065846691 2.16662
DRILLPOS MANGA_SKY { 0 0 0 0 0} 135.40417 45.096627 140.35045 3.3967061 140.420197187415 3.39839409385359 140.445875463865 3.39901554934772 -2.4951561143869 2.16662
DRILLPOS MANGA_SKY { 0 0 0 0 0} 135.26992 44.89984 120.11802 -39.644979 120.176948243584 -39.664428279795 120.202878368393 -39.6729865232085 -2.10391346526722 2.16662
DRILLPOS MANGA_SKY { 0 0 0 0 0} 135.45076 44.832548 148.215 -54.006995 148.289336567288 -54.0340819656772 148.310653078848 -54.0418493356007 -3.00200112761483 2.16662
DRILLPOS MANGA_SKY { 0 0 0 0 0} 136.09965 44.885166 248.32851 -40.99413 248.455474613168 -41.0150893487981 248.447613779867 -41.0137916805512 -5.87717455240112 2.16662
DRILLPOS MANGA_SKY { 0 0 0 0 0} 136.12906 45.01952 252.27733 -11.638093 252.406395805487 -11.6440470817535 252.398088060068 -11.6436638276823 -5.90317525625364 2.16662
DRILLPOS MANGA_SKY { 0 0 0 0 0} 135.90837 44.994003 218.34195 -17.833581 218.45216035087 -17.8425826839149 218.456919497888 -17.8429713981947 -4.87321349824267 2.16662
DRILLPOS MANGA_SKY { 0 0 0 0 0} 135.86458 44.896851 211.9521 -39.106544 212.059039600983 -39.126275053437 212.064999997985 -39.127374785535 -4.76370518112624 2.16662
DRILLPOS MANGA_SKY { 0 0 0 0 0} 135.88434 44.769926 215.48906 -66.699596 215.597954297503 -66.7333016816257 215.600200539241 -66.7339969531926 -5.07452189301658 2.16662
DRILLPOS MANGA_SKY { 0 0 0 0 0} 136.07321 44.804926 244.58871 -58.552559 244.713745189189 -58.5824914130377 244.70607217126 -58.5806545546029 -5.8714052735299 2.16662
DRILLPOS QUALITY { 0 0 0 0 0} 134.49072 45.084661 0 0 0 0 0 0 -0.056607 3.175

