plateId            7341
raCen            113.59492493
decCen            44.67696381
theta            0

typedef enum {
  OBJECT,
  COHERENT_SKY,
  GUIDE,
  LIGHT_TRAP,
  ALIGNMENT,
  QUALITY,
  MANGA,
  MANGA_SKY,
  MANGA_ALIGNMENT
} HOLETYPE;

typedef struct {
HOLETYPE holeType;
int objId[5];
double ra;
double dec;
double xFocal;
double yFocal;
double xFlat;
double yFlat;
double xDrill;
double yDrill;
double zDrill;
double holeDiam;
} DRILLPOS;

DRILLPOS LIGHT_TRAP { 0 0 0 0 0} 113.53814 46.150668 -8.5818568 321.45754 -8.58689493445753 321.646257470665 -8.58595502620288 321.611050568195 -7.73743404773997 3.175
DRILLPOS ALIGNMENT { 0 0 0 0 0} 111.89906 44.530144 -263.39065 -29.251204 -263.526976314604 -29.2663439027985 -263.513622943571 -29.2648609261622 -6.27739721538679 1.1811
DRILLPOS GUIDE { 4264 301 5 53 69} 111.91125 44.53788 -261.45669 -27.604573 -261.591706745835 -27.6188280554611 -261.579205709815 -27.6175081972414 -6.21500248664765 2.16662
DRILLPOS ALIGNMENT { 0 0 0 0 0} 113.52239 43.901281 -11.379054 -168.8785 -11.3847785339496 -168.963458794168 -11.3861324559063 -168.983552583085 -3.34621871686744 1.1811
DRILLPOS GUIDE { 4264 301 2 52 128} 113.51877 43.912636 -11.944858 -166.40232 -11.9508642588431 -166.485992439304 -11.9523472737476 -166.506652134104 -3.2731184098713 2.16662
DRILLPOS ALIGNMENT { 0 0 0 0 0} 113.83397 44.239551 37.261864 -95.114219 37.2794401446237 -95.1590836709923 37.2897762464457 -95.185467489373 -1.46526651920311 1.1811
DRILLPOS GUIDE { 4264 301 2 55 125} 113.83967 44.250481 38.14228 -92.731685 38.1601969746776 -92.7752448305072 38.170967797436 -92.8014309038939 -1.4189826290445 2.16662
DRILLPOS ALIGNMENT { 0 0 0 0 0} 113.91685 44.158511 50.261439 -112.72864 50.286006448384 -112.783740989938 50.2972315296838 -112.808917112508 -2.01987204559794 1.1811
DRILLPOS GUIDE { 4294 301 2 30 91} 113.92041 44.169889 50.8068 -110.24788 50.8315692242627 -110.301627814549 50.8431698623643 -110.326800542556 -1.96460678540432 2.16662
DRILLPOS ALIGNMENT { 0 0 0 0 0} 115.5712 44.57302 306.93596 -18.944923 307.10833879121 -18.9555626882473 307.078083612271 -18.9536952562419 -7.43068246531293 1.1811
DRILLPOS GUIDE { 4208 301 4 76 63} 115.58459 44.579615 308.99487 -17.457482 309.169387466175 -17.4673418255836 309.138407401239 -17.4655915249201 -7.47653742709651 2.16662
DRILLPOS ALIGNMENT { 0 0 0 0 0} 113.3688 43.507057 -35.733227 -254.83014 -35.7515800366717 -254.961023978223 -35.7501534881303 -254.950850601927 -6.04764163857489 1.1811
DRILLPOS GUIDE { 4264 301 2 49 210} 113.37191 43.518467 -35.234559 -252.33958 -35.2526168865095 -252.468905288206 -35.2513400147264 -252.459760706903 -5.97110563048345 2.16662
DRILLPOS ALIGNMENT { 0 0 0 0 0} 113.7512 43.221305 24.841539 -317.46612 24.8559673399889 -317.650509103845 24.8533016939946 -317.616443086795 -7.67334688879502 1.1811
DRILLPOS GUIDE { 4264 301 1 49 17} 113.7466 43.23235 24.103535 -315.0357 24.1174212676276 -315.217194956754 24.1148793251198 -315.183971504787 -7.62081444014482 2.16662
DRILLPOS ALIGNMENT { 0 0 0 0 0} 113.96606 43.431875 58.736788 -271.19137 58.7676980014346 -271.334083381531 58.7637699490845 -271.315947321754 -6.64039695781153 1.1811
DRILLPOS GUIDE { 4264 301 1 50 208} 113.96726 43.443457 58.913046 -268.6575 58.9439349755572 -268.798361074316 58.9401737622309 -268.781209047085 -6.57057031650731 2.16662
DRILLPOS ALIGNMENT { 0 0 0 0 0} 115.33258 45.172646 266.98147 110.89121 267.124899322245 110.950783614203 267.10343310363 110.941867583603 -6.96319878554222 1.1811
DRILLPOS GUIDE { 4294 301 1 39 37} 115.3285 45.161374 266.40052 108.41854 266.543219099609 108.476615066967 266.522235096463 108.468075087448 -6.92315215467369 2.16662
DRILLPOS ALIGNMENT { 0 0 0 0 0} 114.23998 45.098618 99.105535 92.166295 99.1545873921201 92.21191280775 99.1738885593305 92.2298625324648 -2.35116274339012 1.1811
DRILLPOS GUIDE { 4264 301 2 61 46} 114.23379 45.087812 98.170585 89.804629 98.2190745743336 89.8489863625786 98.2387242375662 89.8669615097836 -2.28658268033819 2.16662
DRILLPOS ALIGNMENT { 0 0 0 0 0} 113.84784 44.966044 38.922425 62.936687 38.9392991824975 62.9639721740924 38.9531697727339 62.9864006069615 -0.834365887878013 1.1811
DRILLPOS GUIDE { 4294 301 3 34 344} 113.83843 44.956462 37.479044 60.846651 37.4951244601313 60.8727573794884 37.5087664615451 60.8949049587855 -0.784792855419433 2.16662
DRILLPOS ALIGNMENT { 0 0 0 0 0} 113.02073 45.393389 -87.798737 156.30417 -87.842964467618 156.382906185205 -87.8515766749163 156.398238113199 -3.64931613006158 1.1811
DRILLPOS GUIDE { 4264 301 4 60 344} 113.02292 45.381839 -87.480705 153.78416 -87.5247624792859 153.861609563806 -87.533767296695 153.877439320565 -3.57791765821546 2.16662
DRILLPOS ALIGNMENT { 0 0 0 0 0} 111.67951 45.000956 -295.26697 74.114732 -295.431389719996 74.1560028657628 -295.403098496682 74.1489015078496 -7.35684351635709 1.1811
DRILLPOS GUIDE { 4264 301 6 55 215} 111.67173 44.990694 -296.52357 71.907348 -296.688997512909 71.9474643851479 -296.660400163044 71.940529490938 -7.37352251071915 2.16662
DRILLPOS ALIGNMENT { 0 0 0 0 0} 114.06461 45.72121 71.432586 227.6725 71.4688334527669 227.788029181459 71.4680240518084 227.785449429695 -5.47705361026236 1.1811
DRILLPOS GUIDE { 4264 301 3 64 131} 114.05788 45.71056 70.42095 225.34265 70.4566472000745 225.456878814896 70.4561381128075 225.455249767378 -5.39926251230482 2.16662
DRILLPOS ALIGNMENT { 0 0 0 0 0} 113.52742 45.827736 -10.248123 250.69873 -10.2533596677793 250.826834040292 -10.2530472588664 250.819191614677 -5.8534213165199 1.1811
DRILLPOS GUIDE { 4264 301 4 64 48} 113.52362 45.816405 -10.82699 248.22557 -10.8325132344394 248.352198732174 -10.8322232617429 248.345550657513 -5.77889015878517 2.16662
DRILLPOS ALIGNMENT { 0 0 0 0 0} 112.53054 45.801494 -161.75425 246.18612 -161.842165948077 246.319925981254 -161.828216837511 246.298695766853 -7.10862116145126 1.1811
DRILLPOS GUIDE { 4294 301 6 37 93} 112.52634 45.790246 -162.41997 243.73491 -162.507921791751 243.866894521649 -162.494199212794 243.84630178575 -7.06461062231715 2.16662
DRILLPOS MANGA_ALIGNMENT { 0 0 0 0 0} 112.95021 44.750487 -99.616261 16.390156 -99.6631265339178 16.3978669239418 -99.6910750313693 16.4024653723135 -1.4357845088754 0.7874
DRILLPOS MANGA_ALIGNMENT { 0 0 0 0 0} 112.27516 43.807989 -207.55723 -187.69764 -207.666868798676 -187.796788286783 -207.652391986354 -187.783696651731 -6.70737886554681 0.7874
DRILLPOS MANGA_ALIGNMENT { 0 0 0 0 0} 111.99511 44.391782 -249.04206 -59.689555 -249.169834602879 -59.7201795827959 -249.160334559626 -59.7179026446986 -6.01061641358613 0.7874
DRILLPOS MANGA_ALIGNMENT { 0 0 0 0 0} 112.55678 43.965858 -162.74754 -153.85118 -162.829754832123 -153.928900676673 -162.831906529753 -153.930934754849 -5.02446650452718 0.7874
DRILLPOS MANGA_ALIGNMENT { 0 0 0 0 0} 113.40693 44.11991 -29.371338 -121.19602 -29.3857170145769 -121.255352650703 -29.3921849610308 -121.282041573345 -2.05480933858117 0.7874
DRILLPOS MANGA_ALIGNMENT { 0 0 0 0 0} 114.4912 45.178212 137.5621 109.89707 137.631373323728 109.952411807859 137.645776888893 109.963918680821 -3.55198676134999 0.7874
DRILLPOS MANGA_ALIGNMENT { 0 0 0 0 0} 114.12027 45.459512 80.242047 170.66289 80.282488846107 170.748903786931 80.2888486879451 170.762430223863 -3.93347193319595 0.7874
DRILLPOS MANGA_ALIGNMENT { 0 0 0 0 0} 113.5826 44.847392 -1.8997683 37.05799 -1.90042843773855 37.0708670322749 -1.90133684026764 37.0885868625504 -0.26101671592063 0.7874
DRILLPOS MANGA_ALIGNMENT { 0 0 0 0 0} 112.61736 45.983814 -148.1813 285.95926 -148.268445005172 286.127431835392 -148.252165228448 286.096015233533 -7.74740678652605 0.7874
DRILLPOS MANGA_ALIGNMENT { 0 0 0 0 0} 114.36385 44.438395 119.48612 -51.359346 119.544965126313 -51.3846397094512 119.56973324104 -51.3952859181828 -2.20274794491332 0.7874
DRILLPOS MANGA_ALIGNMENT { 0 0 0 0 0} 114.62637 45.873067 156.58527 261.78192 156.672608651183 261.927934243849 156.657518396889 261.902706099832 -7.37162250246678 0.7874
DRILLPOS MANGA_ALIGNMENT { 0 0 0 0 0} 115.43897 45.113324 283.68268 98.346072 283.83895052651 98.400247293506 283.812880232112 98.3912093393741 -7.25385458779806 0.7874
DRILLPOS MANGA_ALIGNMENT { 0 0 0 0 0} 112.68671 45.429699 -138.818 164.71751 -138.888039230251 164.80061656838 -138.891972413932 164.805283572819 -4.76006431938776 0.7874
DRILLPOS MANGA_ALIGNMENT { 0 0 0 0 0} 113.25244 44.107292 -53.525521 -123.87748 -53.5520044499767 -123.938772314087 -53.5624781309983 -123.963012212869 -2.34007457175222 0.7874
DRILLPOS MANGA_ALIGNMENT { 0 0 0 0 0} 112.54907 45.518794 -159.63479 184.41041 -159.716003993778 184.504228558538 -159.712852370436 184.500587797319 -5.63958483989767 0.7874
DRILLPOS MANGA_ALIGNMENT { 0 0 0 0 0} 111.88902 45.352381 -261.34232 149.99325 -261.486675907785 150.076100767397 -261.462388678236 150.062161499951 -7.28081215718262 0.7874
DRILLPOS MANGA_ALIGNMENT { 0 0 0 0 0} 114.23469 44.460988 99.355833 -46.604933 99.4034044143261 -46.627247367566 99.4290004594037 -46.6392537282384 -1.65682503474866 0.7874
DRILLPOS MANGA_ALIGNMENT { 0 0 0 0 0} 113.08372 43.493712 -80.812605 -257.57132 -80.8546812013535 -257.705428072908 -80.8500501221505 -257.690667588657 -6.42290217921405 0.7874
DRILLPOS MANGA_ALIGNMENT { 0 0 0 0 0} 115.1376 44.360077 240.26409 -66.763172 240.386730939891 -66.797250742954 240.379965159463 -66.7953707076876 -5.80651451407783 0.7874
DRILLPOS MANGA_ALIGNMENT { 0 0 0 0 0} 114.71134 45.051675 171.74547 82.774967 171.832034683151 82.816687976927 171.844942646854 82.8229091382161 -3.99678132808878 0.7874
DRILLPOS MANGA_ALIGNMENT { 0 0 0 0 0} 112.57328 43.402516 -161.9166 -276.97904 -162.011412678814 -277.141229205787 -161.993761704464 -277.111034958066 -7.72258436471571 0.7874
DRILLPOS MANGA_ALIGNMENT { 0 0 0 0 0} 111.62967 44.275148 -306.87397 -83.946742 -307.052036201141 -83.9954528028293 -307.019171233831 -83.9864624445671 -7.66733505299137 0.7874
DRILLPOS MANGA_ALIGNMENT { 0 0 0 0 0} 114.79664 44.685916 186.03901 3.3206136 186.13276441997 3.32228702431036 186.148446139729 3.32256692760539 -3.85645955031779 0.7874
DRILLPOS MANGA_ALIGNMENT { 0 0 0 0 0} 113.87488 45.412373 42.788693 160.18312 42.810203598496 160.263646759257 42.8156103724134 160.283887478347 -3.24218201672384 0.7874
DRILLPOS MANGA_ALIGNMENT { 0 0 0 0 0} 115.58189 44.34298 309.89959 -69.071784 310.079028275672 -69.1117779923075 310.045986441205 -69.1044134828763 -7.65377756444363 0.7874
DRILLPOS MANGA_ALIGNMENT { 0 0 0 0 0} 114.46544 45.23902 133.47192 123.09886 133.53916656086 123.160880348405 133.551631906283 123.17237692245 -3.71920049614639 0.7874
DRILLPOS MANGA_ALIGNMENT { 0 0 0 0 0} 113.85124 45.008085 39.41993 72.088434 39.4375391287468 72.1206363533645 39.4506441585406 72.144601922947 -1.00269811346383 0.7874
DRILLPOS MANGA_ALIGNMENT { 0 0 0 0 0} 112.93006 45.535045 -101.43297 187.29724 -101.484135616154 187.39171794626 -101.487452504069 187.397842621025 -4.68545674158546 0.7874
DRILLPOS MANGA_ALIGNMENT { 0 0 0 0 0} 114.92189 45.491661 202.68913 179.17577 202.794742057478 179.269130318434 202.782973001126 179.258726555124 -6.43983341706362 0.7874
DRILLPOS MANGA { 0 0 0 0 0} 112.96799 44.750588 -96.866261 16.390156 -96.9115509970548 16.3978192473402 -96.9394293266422 16.4025363714063 -1.36975354968508 2.8448
DRILLPOS MANGA { 0 0 0 0 0} 112.2926 43.808165 -204.80723 -187.69764 -204.915063970512 -187.796465523771 -204.901285093683 -187.783837733909 -6.64971591445716 2.8448
DRILLPOS MANGA { 0 0 0 0 0} 112.01273 44.392021 -246.29206 -59.689555 -246.41814847923 -59.7201128881263 -246.409718000987 -59.7180697386446 -5.92975015552071 2.8448
DRILLPOS MANGA { 0 0 0 0 0} 112.57431 43.966008 -159.99754 -153.85118 -160.078336328021 -153.928872509558 -160.081006703522 -153.931440301674 -4.96288678102192 2.8448
DRILLPOS MANGA { 0 0 0 0 0} 113.42453 44.119934 -26.621338 -121.19602 -26.6343609394179 -121.255308095367 -26.6402634823514 -121.282179949495 -2.03787428662304 2.8448
DRILLPOS MANGA { 0 0 0 0 0} 114.5091 45.178063 140.3121 109.89707 140.382773784523 109.952424041774 140.396839597675 109.963440851106 -3.6174527556775 2.8448
DRILLPOS MANGA { 0 0 0 0 0} 114.13827 45.459422 82.992047 170.66289 83.0338763716915 170.748906934367 83.040258467312 170.762030925426 -3.96981414807784 2.8448
DRILLPOS MANGA { 0 0 0 0 0} 113.60044 44.847393 0.85023174 37.05799 0.850527081915461 37.0708626995651 0.850933754248991 37.0885878191534 -0.260594736803007 2.8448
DRILLPOS MANGA { 0 0 0 0 0} 112.63546 45.984016 -145.4313 285.95926 -145.516454232959 286.126697418511 -145.500602166685 286.095527751865 -7.72222474725715 2.8448
DRILLPOS MANGA { 0 0 0 0 0} 114.38152 44.438281 122.23612 -51.359346 122.296470020841 -51.3847029697852 122.321070738473 -51.3950393316451 -2.27357899422931 2.8448
DRILLPOS MANGA { 0 0 0 0 0} 114.64445 45.872864 159.33527 261.78192 159.42448934802 261.928504069088 159.40893175081 261.902943515744 -7.40560613820756 2.8448
DRILLPOS MANGA { 0 0 0 0 0} 115.45673 45.113012 286.43268 98.346072 286.591514903092 98.4006076375381 286.56448693297 98.3913276395448 -7.31832017877719 2.8448
DRILLPOS MANGA { 0 0 0 0 0} 112.70469 45.429847 -136.068 164.71751 -136.136640282818 164.800602692414 -136.140928966583 164.80579437092 -4.70556832069759 2.8448
DRILLPOS MANGA { 0 0 0 0 0} 113.27003 44.107337 -50.775521 -123.87748 -50.800619838657 -123.938713854868 -50.8106832664527 -123.963265687147 -2.30994636846355 2.8448
DRILLPOS MANGA { 0 0 0 0 0} 112.56707 45.518967 -156.88479 184.41041 -156.964529856462 184.504140307593 -156.961874842332 184.501019468128 -5.58464670873818 2.8448
DRILLPOS MANGA { 0 0 0 0 0} 111.90688 45.352679 -258.59232 149.99325 -258.734313303542 150.07561144475 -258.710875595626 150.062016694593 -7.22107892579714 2.8448
DRILLPOS MANGA { 0 0 0 0 0} 114.25238 44.460894 102.10583 -46.604933 102.154930651672 -46.6273443802458 102.180583810039 -46.6390534445268 -1.72144253386572 2.8448
DRILLPOS MANGA { 0 0 0 0 0} 113.10111 43.493777 -78.062605 -257.57132 -78.1032075550489 -257.705290083362 -78.0988173131402 -257.690804269014 -6.39917239815905 2.8448
DRILLPOS MANGA { 0 0 0 0 0} 115.15522 44.359845 243.01409 -66.763172 243.138367608662 -66.7973147419408 243.130555734452 -66.7951685885984 -5.88716194513696 2.8448
DRILLPOS MANGA { 0 0 0 0 0} 114.72919 45.051494 174.49547 82.774967 174.583425948828 82.816690437071 174.595688075722 82.8225071906464 -4.07290171778509 2.8448
DRILLPOS MANGA { 0 0 0 0 0} 112.59059 43.402618 -159.1666 -276.97904 -159.259363593562 -277.140465645152 -159.242167171161 -277.11054072015 -7.6944487283695 2.8448
DRILLPOS MANGA { 0 0 0 0 0} 111.64713 44.275418 -304.12397 -83.946742 -304.298920491584 -83.995033240509 -304.266954521214 -83.9862097365033 -7.61091172951645 2.8448
DRILLPOS MANGA { 0 0 0 0 0} 114.81438 44.685728 188.78901 3.3206136 188.88416003539 3.32228719583883 188.899035770595 3.32254884543715 -3.94058858848168 2.8448
DRILLPOS MANGA { 0 0 0 0 0} 113.89287 45.412323 45.538693 160.18312 45.5615898257391 160.263659970372 45.5672728711955 160.28365017853 -3.26411175319662 2.8448
DRILLPOS MANGA { 0 0 0 0 0} 115.59936 44.3427 312.64959 -69.071784 312.832260678982 -69.1121403288914 312.798319160878 -69.1046418344679 -7.70948095843807 2.8448
DRILLPOS MANGA { 0 0 0 0 0} 114.48336 45.238875 136.22192 123.09886 136.290560735607 123.160888169202 136.302720834021 123.171876813704 -3.78112704708634 2.8448
DRILLPOS MANGA { 0 0 0 0 0} 113.86912 45.008039 42.16993 72.088434 42.1888522587093 72.1207811250272 42.2027078358145 72.1444668853706 -1.03186895696286 2.8448
DRILLPOS MANGA { 0 0 0 0 0} 112.94808 45.535154 -98.682973 187.29724 -98.732746435171 187.391708445259 -98.7362066653455 187.398275855439 -4.64539026330411 2.8448
DRILLPOS MANGA { 0 0 0 0 0} 114.93985 45.491432 205.43913 179.17577 205.546471732243 179.269389153897 205.533993497928 179.258506138369 -6.49997024157257 2.8448
DRILLPOS MANGA_SKY { 0 0 0 0 0} 113.19964 44.72654 -61.077809 10.929681 -61.1028938211865 10.9341698495183 -61.1269071181168 10.9384669531555 -0.612968036437779 2.16662
DRILLPOS MANGA_SKY { 0 0 0 0 0} 113.10702 44.825046 -75.274992 32.43647 -75.3085955856592 32.4509499975286 -75.3336630243654 32.461751715363 -0.998497485326944 2.16662
DRILLPOS MANGA_SKY { 0 0 0 0 0} 112.98249 44.948648 -94.315426 59.471378 -94.3607234508788 59.4999406852138 -94.3845969524589 59.514994320625 -1.70222554955413 2.16662
DRILLPOS MANGA_SKY { 0 0 0 0 0} 112.8348 44.830641 -117.31325 33.990394 -117.370498163066 34.0069811086037 -117.39706860472 34.0146796403599 -1.98484116330388 2.16662
DRILLPOS MANGA_SKY { 0 0 0 0 0} 112.85521 44.762262 -114.29067 19.079836 -114.345952095142 19.0890648662675 -114.373616940552 19.0936832722439 -1.81684613141445 2.16662
DRILLPOS MANGA_SKY { 0 0 0 0 0} 112.91876 44.700796 -104.57 5.6188174 -104.619590362087 5.62148201881389 -104.647890945478 5.62300268258349 -1.52920537294617 2.16662
DRILLPOS MANGA_SKY { 0 0 0 0 0} 112.97781 44.688783 -95.448003 2.9323388 -95.4923321314675 2.93370067272742 -95.5205106938671 2.93456637016745 -1.30394532750133 2.16662
DRILLPOS MANGA_SKY { 0 0 0 0 0} 113.03057 44.70581 -87.254602 6.5768634 -87.2942456749837 6.57985156370788 -87.3219296592544 6.58193825918001 -1.11965896642121 2.16662
DRILLPOS MANGA_SKY { 0 0 0 0 0} 112.44373 43.816477 -180.97618 -186.20096 -181.069331897823 -186.296801191921 -181.061502842614 -186.288746111988 -6.11786243957535 2.16662
DRILLPOS MANGA_SKY { 0 0 0 0 0} 112.23568 44.377689 -211.59066 -63.421473 -211.697491252958 -63.4534942405644 -211.701422276662 -63.4546725123923 -4.92959382243055 2.16662
DRILLPOS MANGA_SKY { 0 0 0 0 0} 112.88119 43.998861 -111.80064 -147.16889 -111.856978721762 -147.24305153562 -111.866683877897 -147.255826928101 -3.81827637908563 2.16662
DRILLPOS MANGA_SKY { 0 0 0 0 0} 112.5766 44.172793 -159.04912 -108.7985 -159.129289327474 -108.85334030704 -159.140600793661 -108.86107798301 -4.05964369728058 2.16662
DRILLPOS MANGA_SKY { 0 0 0 0 0} 112.51906 43.962169 -168.67691 -154.58331 -168.762213996427 -154.661486521754 -168.763043710051 -154.662246909636 -5.1741160168203 2.16662
DRILLPOS MANGA_SKY { 0 0 0 0 0} 112.58546 43.841449 -158.60324 -181.02433 -158.683796351307 -181.116274272529 -158.681475096128 -181.113624871019 -5.5404140911798 2.16662
DRILLPOS MANGA_SKY { 0 0 0 0 0} 113.72208 44.171402 19.845752 -109.99251 19.8552878199998 -110.045361047251 19.8602976661731 -110.073127470782 -1.70920020782645 2.16662
DRILLPOS MANGA_SKY { 0 0 0 0 0} 113.55945 44.198301 -5.5337604 -104.14492 -5.53638238947962 -104.194265628444 -5.53788625058025 -104.222568171868 -1.51846066735739 2.16662
DRILLPOS MANGA_SKY { 0 0 0 0 0} 113.41904 44.299467 -27.383785 -82.08927 -27.3961903481841 -82.1264579189283 -27.4049530356973 -82.1527261145484 -1.09812081066304 2.16662
DRILLPOS MANGA_SKY { 0 0 0 0 0} 113.21406 44.221402 -59.39526 -98.993879 -59.4239704148078 -99.0417305512774 -59.4384112158972 -99.0657989856223 -1.8055495999041 2.16662
DRILLPOS MANGA_SKY { 0 0 0 0 0} 113.20128 44.114994 -61.513788 -122.16751 -61.544271528062 -122.228050845239 -61.5560433606855 -122.251429920508 -2.39205548751448 2.16662
DRILLPOS MANGA_SKY { 0 0 0 0 0} 113.28804 43.916409 -48.133806 -165.50394 -48.1580334745081 -165.58724408128 -48.1634459081736 -165.605854267572 -3.4397226168395 2.16662
DRILLPOS MANGA_SKY { 0 0 0 0 0} 113.4414 43.97276 -24.053302 -153.27908 -24.0653540013827 -153.355881084695 -24.0689508697402 -153.378802040526 -2.92524689683351 2.16662
DRILLPOS MANGA_SKY { 0 0 0 0 0} 113.61814 43.960285 3.6379892 -156.0182 3.63981267845304 -156.096401393776 3.64034941229913 -156.119419672266 -2.95201932595969 2.16662
DRILLPOS MANGA_SKY { 0 0 0 0 0} 114.77545 45.158901 181.29167 106.27581 181.383099740225 106.329407441628 181.389974921541 106.33343777277 -4.59721946926354 2.16662
DRILLPOS MANGA_SKY { 0 0 0 0 0} 114.18097 45.161908 89.943187 105.87644 89.98783513137 105.92899745721 90.0045975784113 105.948729337719 -2.45311671299751 2.16662
DRILLPOS MANGA_SKY { 0 0 0 0 0} 114.34198 45.442364 114.15084 167.21056 114.208390099549 167.294860600623 114.214358482689 167.303603214232 -4.35990675915166 2.16662
DRILLPOS MANGA_SKY { 0 0 0 0 0} 113.92942 44.843925 51.580439 36.416884 51.6017404445063 36.4319232716436 51.6218413932354 36.446114967805 -0.631888146012431 2.16662
DRILLPOS MANGA_SKY { 0 0 0 0 0} 113.76807 45.004564 26.628521 71.284358 26.6401601874679 71.3155160206161 26.6494837869132 71.3404752288538 -0.87632308400364 2.16662
DRILLPOS MANGA_SKY { 0 0 0 0 0} 113.69326 45.027833 15.117395 76.327721 15.1240453730733 76.3612987308516 15.1292621598584 76.3876382851363 -0.91131315414374 2.16662
DRILLPOS MANGA_SKY { 0 0 0 0 0} 113.3796 45.005575 -33.115807 71.52172 -33.1304286668648 71.5532990813565 -33.1417589457828 71.5777696019237 -0.93211000476597 2.16662
DRILLPOS MANGA_SKY { 0 0 0 0 0} 113.27678 44.835382 -49.06512 34.547881 -49.0850578476701 34.5619196977287 -49.1046677369216 34.5757274723818 -0.578378620336841 2.16662
DRILLPOS MANGA_SKY { 0 0 0 0 0} 113.40955 44.695154 -28.652466 3.9873305 -28.6616788970953 3.98861258390794 -28.6762616986538 3.99064195371609 -0.181589268539744 2.16662
DRILLPOS MANGA_SKY { 0 0 0 0 0} 113.6436 44.623666 7.5323155 -11.586119 7.53431827429271 -11.589199643832 7.53861500835365 -11.5958088295653 -0.0853341892418753 2.16662
DRILLPOS MANGA_SKY { 0 0 0 0 0} 113.79789 44.720648 31.358076 9.5371918 31.368552516679 9.54037810993063 31.3840517645797 9.54509202477617 -0.216625892743002 2.16662
DRILLPOS MANGA_SKY { 0 0 0 0 0} 112.95357 45.98905 -97.158493 286.43959 -97.2123172983995 286.598273090788 -97.2031835318037 286.57134520957 -7.30905537944873 2.16662
DRILLPOS MANGA_SKY { 0 0 0 0 0} 112.72264 46.011272 -132.15072 291.74976 -132.227956462121 291.920275297133 -132.213601194684 291.888583106357 -7.71142363977569 2.16662
DRILLPOS MANGA_SKY { 0 0 0 0 0} 112.47071 45.918109 -170.6041 271.90766 -170.704056409825 272.066969849515 -170.685438968573 272.037297497643 -7.72589307088184 2.16662
DRILLPOS MANGA_SKY { 0 0 0 0 0} 112.63734 45.882836 -145.33389 263.75009 -145.414129359942 263.895707367059 -145.400648722236 263.871242877681 -7.2762013308689 2.16662
DRILLPOS MANGA_SKY { 0 0 0 0 0} 114.66599 44.417838 166.56626 -55.327763 166.650133862567 -55.3556231031804 166.667766376938 -55.361480037089 -3.53515417175472 2.16662
DRILLPOS MANGA_SKY { 0 0 0 0 0} 114.91641 45.806582 200.92717 248.02216 201.044169906737 248.166583323081 201.022498756874 248.139832707927 -7.68913139426749 2.16662
DRILLPOS MANGA_SKY { 0 0 0 0 0} 114.34506 45.915212 113.76563 270.43203 113.82730135145 270.578628834512 113.817630597941 270.555640507518 -7.07760430516061 2.16662
DRILLPOS MANGA_SKY { 0 0 0 0 0} 115.64617 44.974482 316.51834 68.891976 316.705718175862 68.9327599014777 316.670552541103 68.9251059056116 -7.78384261250194 2.16662
DRILLPOS MANGA_SKY { 0 0 0 0 0} 112.78873 45.432885 -123.21076 165.23681 -123.272885376362 165.320125767309 -123.278478931085 165.327627231783 -4.47275715016742 2.16662
DRILLPOS MANGA_SKY { 0 0 0 0 0} 113.40715 44.06939 -29.365444 -132.2059 -29.3799795836995 -132.271340519987 -29.3856924378726 -132.297060309122 -2.35369283743127 2.16662
DRILLPOS MANGA_SKY { 0 0 0 0 0} 112.96239 44.077556 -98.932384 -130.11547 -98.9820903107944 -130.180843538264 -98.9950899851307 -130.197940657203 -3.17198149549757 2.16662
DRILLPOS MANGA_SKY { 0 0 0 0 0} 112.83738 45.53952 -115.56896 188.40561 -115.627311545084 188.500737259482 -115.629431055322 188.504192578447 -4.93379267151347 2.16662
DRILLPOS MANGA_SKY { 0 0 0 0 0} 112.13271 45.318562 -224.01468 141.80857 -224.130641227339 141.881977224136 -224.119248456024 141.874765229776 -6.28086167691206 2.16662
DRILLPOS MANGA_SKY { 0 0 0 0 0} 111.7502 45.322358 -282.87294 143.97394 -283.036675723218 144.057276628772 -283.006536327056 144.041936569682 -7.65167997527056 2.16662
DRILLPOS MANGA_SKY { 0 0 0 0 0} 114.33716 44.458646 115.29241 -46.987568 115.348838553181 -47.0105655284559 115.374284903627 -47.0209362208714 -2.04920774341374 2.16662
DRILLPOS MANGA_SKY { 0 0 0 0 0} 113.35739 43.468483 -37.564257 -263.25306 -37.5837196767606 -263.389455861977 -37.5817688285673 -263.375784175179 -6.30432730754762 2.16662
DRILLPOS MANGA_SKY { 0 0 0 0 0} 115.36367 44.388829 275.43689 -59.809382 275.582878888764 -59.8410825656571 275.563005437704 -59.8367671712083 -6.76405494689691 2.16662
DRILLPOS MANGA_SKY { 0 0 0 0 0} 115.18751 44.571206 247.13629 -20.625744 247.262325087125 -20.6362627604866 247.255882048084 -20.6357250309858 -5.76466654447239 2.16662
DRILLPOS MANGA_SKY { 0 0 0 0 0} 114.98952 44.375713 217.10799 -63.76124 217.217719392296 -63.7934658159049 217.21972063581 -63.7940535499999 -5.09621986089923 2.16662
DRILLPOS MANGA_SKY { 0 0 0 0 0} 115.17026 44.153503 246.26918 -111.68656 246.397479733025 -111.744745745494 246.383218536198 -111.738278090812 -6.43635480307298 2.16662
DRILLPOS MANGA_SKY { 0 0 0 0 0} 114.98285 45.071192 213.49471 87.690982 213.602739588376 87.735354156527 213.603067068496 87.7354886659641 -5.23609214486004 2.16662
DRILLPOS MANGA_SKY { 0 0 0 0 0} 114.80668 45.130933 186.17991 100.25665 186.273813223061 100.307216264471 186.280425375507 100.310776864826 -4.63777508619635 2.16662
DRILLPOS MANGA_SKY { 0 0 0 0 0} 114.75128 45.280183 177.21573 132.64379 177.305212196655 132.710766321469 177.308358889185 132.713121582049 -4.94406964411431 2.16662
DRILLPOS MANGA_SKY { 0 0 0 0 0} 114.6352 45.124123 159.82777 98.392752 159.908320408027 98.4423402306343 159.921274914474 98.4503152498697 -3.90592879942401 2.16662
DRILLPOS MANGA_SKY { 0 0 0 0 0} 114.54486 45.054543 146.10344 83.059376 146.176924288679 83.1011516020222 146.194680078789 83.1112457164856 -3.31014660286277 2.16662
DRILLPOS MANGA_SKY { 0 0 0 0 0} 114.51788 44.938634 142.22217 57.769408 142.293381980261 57.7983336867773 142.315169403638 57.8071835485839 -2.87664460594732 2.16662
DRILLPOS MANGA_SKY { 0 0 0 0 0} 114.67386 44.893894 166.41502 48.334632 166.498793886645 48.3589638180185 166.517181817964 48.3643045252067 -3.46786245942024 2.16662
DRILLPOS MANGA_SKY { 0 0 0 0 0} 114.81037 44.99611 187.17293 70.899192 187.267289407817 70.9349343788355 187.277898487233 70.9389529896381 -4.28875731550753 2.16662
DRILLPOS MANGA_SKY { 0 0 0 0 0} 112.9015 43.375302 -109.89936 -283.32846 -109.960471001051 -283.486008559125 -109.94999418993 -283.458998585996 -7.34397439219457 2.16662
DRILLPOS MANGA_SKY { 0 0 0 0 0} 111.84421 44.298968 -273.05979 -79.453564 -273.205167906807 -79.4958653319635 -273.184660263402 -79.4898981210542 -6.83443222177006 2.16662
DRILLPOS MANGA_SKY { 0 0 0 0 0} 111.76416 44.357212 -285.30286 -66.498477 -285.457372713122 -66.5344908699618 -285.433251156939 -66.5288686103425 -7.06608846356929 2.16662
DRILLPOS MANGA_SKY { 0 0 0 0 0} 111.64864 44.413109 -303.11209 -53.918172 -303.282490142246 -53.948483110911 -303.252519653008 -53.9431519016092 -7.43890863342745 2.16662
DRILLPOS MANGA_SKY { 0 0 0 0 0} 111.55043 44.403174 -318.59926 -55.734718 -318.787537340169 -55.7676546253396 -318.752243393691 -55.7614804171695 -7.77429365537273 2.16662
DRILLPOS MANGA_SKY { 0 0 0 0 0} 111.59636 44.262025 -312.20118 -86.697855 -312.386060190956 -86.7491959846429 -312.351356532638 -86.7395588246014 -7.7855190041898 2.16662
DRILLPOS MANGA_SKY { 0 0 0 0 0} 111.66157 44.12008 -302.75564 -117.90526 -302.935505996259 -117.975307075107 -302.901678378749 -117.962133236173 -7.80259012743064 2.16662
DRILLPOS MANGA_SKY { 0 0 0 0 0} 111.69406 44.157621 -297.40689 -109.80981 -297.578827959179 -109.873293649048 -297.547222540918 -109.861624164948 -7.64378445807056 2.16662
DRILLPOS MANGA_SKY { 0 0 0 0 0} 111.73457 44.214763 -290.70586 -97.467994 -290.868708114709 -97.5225937905491 -290.840284686689 -97.5130639705732 -7.4091855388596 2.16662
DRILLPOS MANGA_SKY { 0 0 0 0 0} 115.06672 44.707549 227.82432 8.7190841 227.939512503508 8.72349264218626 227.940945012289 8.72354746585271 -5.14921516520146 2.16662
DRILLPOS MANGA_SKY { 0 0 0 0 0} 114.81964 44.889652 188.94311 47.737043 189.038351806182 47.7611061277695 189.050983845237 47.7642976502947 -4.12657340580441 2.16662
DRILLPOS MANGA_SKY { 0 0 0 0 0} 114.71243 44.687293 172.98101 3.4346468 173.068085837763 3.43637574555032 173.087299643276 3.43675724774887 -3.45948293819945 2.16662
DRILLPOS MANGA_SKY { 0 0 0 0 0} 114.81745 44.54811 189.71726 -26.637602 189.81288523273 -26.651028437271 189.826796979893 -26.6529817418046 -4.02518406269442 2.16662
DRILLPOS MANGA_SKY { 0 0 0 0 0} 114.21545 45.409395 94.861523 159.84944 94.9093280982247 159.929995508057 94.9173606009062 159.943530933326 -3.85062573068322 2.16662
DRILLPOS MANGA_SKY { 0 0 0 0 0} 113.95064 45.587827 54.215782 198.48652 54.2431183100024 198.586599512678 54.2456160278785 198.595743774937 -4.4616752408214 2.16662
DRILLPOS MANGA_SKY { 0 0 0 0 0} 113.7223 45.585832 19.413538 197.93933 19.423324674415 198.03911437607 19.424472000119 198.050812443734 -4.24989246343903 2.16662
DRILLPOS MANGA_SKY { 0 0 0 0 0} 113.76284 45.407691 25.665491 159.11006 25.6783777693312 159.189949944108 25.6818773791537 159.211645345487 -3.10365621763598 2.16662
DRILLPOS MANGA_SKY { 0 0 0 0 0} 113.72563 45.260915 20.023138 127.10411 20.0329847907559 127.166616065502 20.0372018856512 127.193385600499 -2.16421926834979 2.16662
DRILLPOS MANGA_SKY { 0 0 0 0 0} 114.06075 45.233101 71.404873 121.25491 71.4403660634307 121.315181911861 71.4533763064183 121.337275023665 -2.50450668580653 2.16662
DRILLPOS MANGA_SKY { 0 0 0 0 0} 115.62158 44.526793 315.08362 -28.837071 315.26540321356 -28.8537081563081 315.232068636445 -28.8506573104182 -7.63033684407735 2.16662
DRILLPOS MANGA_SKY { 0 0 0 0 0} 115.49023 44.311827 295.66724 -76.180276 295.832282060646 -76.2227999865318 295.80371249232 -76.2154388815264 -7.37846988723538 2.16662
DRILLPOS MANGA_SKY { 0 0 0 0 0} 114.78455 45.256501 182.39138 127.56082 182.483494552875 127.625243043999 182.48634573084 127.627237099853 -4.98160822473949 2.16662
DRILLPOS MANGA_SKY { 0 0 0 0 0} 114.25381 45.241948 101.00068 123.40798 101.051366120937 123.469910986988 101.065511363396 123.487194393381 -3.05313830585305 2.16662
DRILLPOS MANGA_SKY { 0 0 0 0 0} 114.15082 45.001336 85.529501 70.872936 85.5705488731212 70.9069497993399 85.5922906447298 70.9249658425732 -1.69127837594804 2.16662
DRILLPOS MANGA_SKY { 0 0 0 0 0} 113.05592 45.547882 -82.210082 189.9431 -82.2515355114334 190.038876676972 -82.2551366394533 190.047196938951 -4.49912768554315 2.16662
DRILLPOS MANGA_SKY { 0 0 0 0 0} 113.05428 45.713736 -82.236424 226.11518 -82.2781913987039 226.230022577251 -82.2769970571612 226.22673864612 -5.53824982616746 2.16662
DRILLPOS MANGA_SKY { 0 0 0 0 0} 112.87498 45.602739 -109.71653 202.13415 -109.772034291374 202.23640726933 -109.772352349574 202.23699323777 -5.21103183203858 2.16662
DRILLPOS MANGA_SKY { 0 0 0 0 0} 112.6459 45.52621 -144.82774 185.83247 -144.901141264224 185.926653187778 -144.900209695444 185.925457866168 -5.38425528800807 2.16662
DRILLPOS MANGA_SKY { 0 0 0 0 0} 112.83984 45.384488 -115.48813 154.60835 -115.546342596962 154.686281416549 -115.554492845067 154.697192463526 -4.06820124044758 2.16662
DRILLPOS MANGA_SKY { 0 0 0 0 0} 113.11345 45.353274 -73.665105 147.45987 -73.7021292686209 147.533983704687 -73.7115898341787 147.552921487607 -3.21330592395914 2.16662
DRILLPOS MANGA_SKY { 0 0 0 0 0} 115.13993 45.483912 236.12 178.15014 236.248689509117 178.247234926587 236.228032953031 178.23164976498 -7.14024209188646 2.16662
DRILLPOS QUALITY { 0 0 0 0 0} 113.59492 44.676965 0 0 0 0 0 0 -0.056607 3.175

