plateId            7343
raCen            187.13323975
decCen            45.24789810
theta            0

typedef enum {
  OBJECT,
  COHERENT_SKY,
  GUIDE,
  LIGHT_TRAP,
  ALIGNMENT,
  QUALITY,
  MANGA,
  MANGA_SKY,
  MANGA_ALIGNMENT
} HOLETYPE;

typedef struct {
HOLETYPE holeType;
int objId[5];
double ra;
double dec;
double xFocal;
double yFocal;
double xFlat;
double yFlat;
double xDrill;
double yDrill;
double zDrill;
double holeDiam;
} DRILLPOS;

DRILLPOS LIGHT_TRAP { 0 0 0 0 0} 185.25967 45.514622 -286.1432 61.464942 -286.298073872051 61.4982096560651 -286.273965645719 61.4930310925584 -7.05869944382863 3.175
DRILLPOS LIGHT_TRAP { 0 0 0 0 0} 187.01754 44.79428 -17.863738 -98.679721 -17.8721295855115 -98.7260763214348 -17.8771733798821 -98.7539383635937 -1.41932408732449 3.175
DRILLPOS LIGHT_TRAP { 0 0 0 0 0} 188.97118 45.781048 279.44038 119.43079 279.59576501514 119.497200427557 279.569126643595 119.485815380922 -7.34388453360164 3.175
DRILLPOS ALIGNMENT { 0 0 0 0 0} 185.14096 45.061852 -306.81965 -36.783662 -306.992702118489 -36.8044086850148 -306.962062788242 -36.8007354301639 -7.46564335240775 1.1811
DRILLPOS GUIDE { 3818 301 4 170 38} 185.15249 45.070101 -304.98491 -35.027148 -305.15593790661 -35.0467903481967 -305.126016498074 -35.0433539106196 -7.41817284909956 2.16662
DRILLPOS ALIGNMENT { 0 0 0 0 0} 186.96894 44.45186 -25.537625 -173.2978 -25.5504838548504 -173.385059925545 -25.5532055891037 -173.403529558421 -3.52468280577334 1.1811
DRILLPOS GUIDE { 3813 301 2 236 103} 186.96471 44.463114 -26.189426 -170.84285 -26.2026090001565 -170.928847353217 -26.2055276696604 -170.947886862379 -3.45414561364461 2.16662
DRILLPOS ALIGNMENT { 0 0 0 0 0} 187.17159 44.777866 5.9228975 -102.26475 5.92569298771226 -102.313016891673 5.92733151081386 -102.341307632033 -1.47227880108879 1.1811
DRILLPOS GUIDE { 3813 301 3 237 149} 187.17643 44.789011 6.6690578 -99.836823 6.67218904037305 -99.883698150924 6.67407602044474 -99.9119465333898 -1.4138452872827 2.16662
DRILLPOS ALIGNMENT { 0 0 0 0 0} 188.00352 44.458856 135.29154 -171.12562 135.359821433621 -171.211986839071 135.362992193239 -171.215997423957 -4.84466001614482 1.1811
DRILLPOS GUIDE { 3813 301 2 241 70} 187.99978 44.470195 134.68192 -168.65986 134.749875417113 -168.744959404112 134.753588514407 -168.749609252211 -4.7731969882678 2.16662
DRILLPOS ALIGNMENT { 0 0 0 0 0} 188.62002 44.913476 229.34393 -70.738524 229.460379749412 -70.7744415993609 229.457268830487 -70.7734820718379 -5.51980762689962 1.1811
DRILLPOS GUIDE { 3813 301 3 244 43} 188.62879 44.923343 230.65805 -68.564884 230.775201418917 -68.5997081626445 230.771841281922 -68.5987093360124 -5.53910403706907 2.16662
DRILLPOS ALIGNMENT { 0 0 0 0 0} 186.5517 43.911979 -91.350215 -290.94158 -91.4011546060684 -291.103817707641 -91.3923588008221 -291.075803920528 -7.36937772214838 1.1811
DRILLPOS GUIDE { 3818 301 1 176 84} 186.55017 43.923506 -91.567612 -288.4109 -91.6183560208724 -288.570728660045 -91.6097368084848 -288.543580689843 -7.31222903238582 2.16662
DRILLPOS ALIGNMENT { 0 0 0 0 0} 187.41822 44.264513 44.451384 -214.10218 44.4738200754683 -214.210244411862 44.4748206166567 -214.215063565516 -4.86080266194721 1.1811
DRILLPOS GUIDE { 3818 301 2 181 4} 187.4263 44.274628 45.703051 -211.892 45.7261133969344 -211.998923658362 45.7272972586665 -212.004412369173 -4.80191891399359 2.16662
DRILLPOS ALIGNMENT { 0 0 0 0 0} 188.19374 44.07534 166.11886 -254.56084 166.211250301197 -254.702419063813 166.195403054786 -254.678134714895 -7.34572641585664 1.1811
DRILLPOS GUIDE { 3813 301 1 242 72} 188.19721 44.086678 166.62277 -252.07132 166.715003726247 -252.210853613105 166.699387294913 -252.187228664005 -7.30154325300978 2.16662
DRILLPOS ALIGNMENT { 0 0 0 0 0} 188.68141 45.296001 237.21211 12.75414 237.332425883206 12.7606090020195 237.330145110146 12.7604863721128 -5.44439469571833 1.1811
DRILLPOS GUIDE { 3813 301 4 244 97} 188.66738 45.289821 235.08443 11.366853 235.203564085529 11.3726133969667 235.202146017189 11.3725448302208 -5.37673422925778 2.16662
DRILLPOS ALIGNMENT { 0 0 0 0 0} 187.78476 46.167767 98.280238 200.75049 98.3298818259072 200.851894133518 98.3312564130697 200.854701911074 -5.01083387652945 1.1811
DRILLPOS GUIDE { 3813 301 6 240 12} 187.79237 46.157371 99.445686 198.49365 99.4959049420866 198.59388703908 99.497556946825 198.597184441547 -4.96426492486732 2.16662
DRILLPOS ALIGNMENT { 0 0 0 0 0} 187.37264 45.783073 36.332789 116.51796 36.3505171857195 116.574813660052 36.3587540167494 116.601228883735 -1.98248099447142 1.1811
DRILLPOS GUIDE { 3813 301 5 238 59} 187.36949 45.771625 35.861194 114.02212 35.8786328753951 114.077567611225 35.8869861403763 114.104127155842 -1.9143636428834 2.16662
DRILLPOS ALIGNMENT { 0 0 0 0 0} 186.42591 46.121797 -106.78439 190.8035 -106.838287482167 190.89980460256 -106.84069400022 190.904104594979 -4.86032242323325 1.1811
DRILLPOS GUIDE { 3813 301 6 234 47} 186.43255 46.1111 -105.80019 188.46193 -105.853574460111 188.557023764808 -105.856435756702 188.56212059382 -4.78223602961341 2.16662
DRILLPOS ALIGNMENT { 0 0 0 0 0} 185.64942 45.265758 -227.45793 5.9813873 -227.572924347672 5.98441126900709 -227.574530771364 5.98445351260909 -5.1351621320017 1.1811
DRILLPOS GUIDE { 3813 301 4 230 13} 185.63527 45.259723 -229.65523 4.7072334 -229.771400554704 4.70961454287752 -229.772177786781 4.70963047377007 -5.20214216195336 2.16662
DRILLPOS ALIGNMENT { 0 0 0 0 0} 187.80117 46.517042 100.19675 277.06318 100.251214991755 277.2137861206 100.242568878035 277.189877962283 -7.11000985524727 1.1811
DRILLPOS GUIDE { 3716 301 1 51 62} 187.80066 46.505454 100.13739 274.52387 100.191536162023 274.672310197456 100.183147360632 274.649312531723 -7.04670929727383 2.16662
DRILLPOS ALIGNMENT { 0 0 0 0 0} 187.41019 46.434925 41.588019 258.6921 41.6094751226234 258.825564626418 41.6075384436905 258.813517802543 -6.18828343549685 1.1811
DRILLPOS GUIDE { 3698 301 1 181 24} 187.40732 46.423468 41.164838 256.1876 41.1860225755781 256.319441295582 41.1842526344543 256.308426143072 -6.11228451487544 2.16662
DRILLPOS ALIGNMENT { 0 0 0 0 0} 186.69037 46.236597 -66.724412 215.53011 -66.758130561478 215.639026137985 -66.7588207431133 215.641255530787 -5.07596174405935 1.1811
DRILLPOS GUIDE { 3813 301 6 235 38} 186.6823 46.226366 -67.951454 213.30615 -67.9857802976545 213.413903550004 -67.9866892307505 213.416756778418 -5.02170092184835 2.16662
DRILLPOS MANGA_ALIGNMENT { 0 0 0 0 0} 187.77454 44.201601 100.15811 -227.5355 100.209208993822 -227.651584809396 100.206504750513 -227.645441409191 -5.78324113527898 0.7874
DRILLPOS MANGA_ALIGNMENT { 0 0 0 0 0} 186.69255 44.822577 -68.01845 -92.365637 -68.0512907615926 -92.4102331039109 -68.0679544080185 -92.4328614983668 -1.7861040184765 0.7874
DRILLPOS MANGA_ALIGNMENT { 0 0 0 0 0} 187.99148 46.330495 129.13193 236.57936 129.199127926116 236.70247162974 129.191799794515 236.68904594421 -6.4104905000253 0.7874
DRILLPOS MANGA_ALIGNMENT { 0 0 0 0 0} 186.88499 44.36947 -38.647068 -191.23195 -38.6665491666905 -191.328345967076 -38.6691165706211 -191.341049897426 -4.13326663582463 0.7874
DRILLPOS MANGA_ALIGNMENT { 0 0 0 0 0} 186.21505 44.626811 -142.30537 -134.44513 -142.377104048775 -134.512901817135 -142.386371406461 -134.521657292131 -4.15395515673334 0.7874
DRILLPOS MANGA_ALIGNMENT { 0 0 0 0 0} 187.71113 44.751429 89.329558 -107.74349 89.3739362088129 -107.79701610272 89.3903694018295 -107.816836748955 -2.48274880389272 0.7874
DRILLPOS MANGA_ALIGNMENT { 0 0 0 0 0} 188.52092 46.081809 209.75353 183.53679 209.86412722317 183.63356386275 209.849782670847 183.621012211832 -6.67555050132457 0.7874
DRILLPOS MANGA_ALIGNMENT { 0 0 0 0 0} 188.00228 45.152339 133.3897 -20.080981 133.4556956556 -20.0909162311774 133.481813822631 -20.0948481570751 -2.33854947451105 0.7874
DRILLPOS MANGA_ALIGNMENT { 0 0 0 0 0} 188.25669 46.334453 169.07954 238.0172 169.170914083749 238.145829422381 169.156796152954 238.125955282922 -7.03986451172329 0.7874
DRILLPOS MANGA_ALIGNMENT { 0 0 0 0 0} 186.92341 46.618771 -31.42297 298.89864 -31.4402927385292 299.063415735313 -31.4373959362378 299.035861043148 -7.26135236833214 0.7874
DRILLPOS MANGA_ALIGNMENT { 0 0 0 0 0} 185.13315 45.77951 -304.29659 119.76222 -304.478791103856 119.833929014828 -304.444389044464 119.82038937245 -7.84227156169058 0.7874
DRILLPOS MANGA_ALIGNMENT { 0 0 0 0 0} 189.03738 44.653083 295.44574 -126.27029 295.619021187761 -126.344348491519 295.586718862805 -126.33054282981 -7.73193705326615 0.7874
DRILLPOS MANGA_ALIGNMENT { 0 0 0 0 0} 185.90772 45.343865 -187.56008 22.321996 -187.65461084978 22.3332463537569 -187.669365306761 22.335002318724 -3.94259445810496 0.7874
DRILLPOS MANGA_ALIGNMENT { 0 0 0 0 0} 186.14779 44.478626 -153.15099 -166.62383 -153.228395306797 -166.708044726139 -153.22979693449 -166.709569656369 -5.09740549687411 0.7874
DRILLPOS MANGA_ALIGNMENT { 0 0 0 0 0} 187.79534 46.589312 99.224165 292.90628 99.2801682089132 293.071599522626 99.270239357214 293.042289898143 -7.47119459587794 0.7874
DRILLPOS MANGA_ALIGNMENT { 0 0 0 0 0} 188.86064 44.733378 267.44567 -109.28824 267.589296402251 -109.346931085631 267.567846171852 -109.338165724322 -6.95829955421328 0.7874
DRILLPOS MANGA_ALIGNMENT { 0 0 0 0 0} 187.61653 46.044333 73.049029 173.64625 73.0858453336767 173.73376681397 73.0916641890183 173.747598926775 -3.92734560530174 0.7874
DRILLPOS MANGA_ALIGNMENT { 0 0 0 0 0} 186.14525 46.24546 -148.87395 218.26294 -148.950935505174 218.375807850263 -148.943552547155 218.364983752943 -6.25339895883645 0.7874
DRILLPOS MANGA_ALIGNMENT { 0 0 0 0 0} 185.66901 45.021136 -225.42642 -47.349832 -225.540472006253 -47.373788124288 -225.540990901181 -47.3738971158946 -5.22198203200885 0.7874
DRILLPOS MANGA_ALIGNMENT { 0 0 0 0 0} 188.05705 45.615114 140.67909 80.752549 140.749746994387 80.7931074966565 140.76861135793 80.8039360102716 -3.13472897570548 0.7874
DRILLPOS MANGA_ALIGNMENT { 0 0 0 0 0} 188.30766 45.451214 179.39446 45.578595 179.484861893027 45.6015633306246 179.500335273149 45.6054946389039 -3.82667533490649 0.7874
DRILLPOS MANGA_ALIGNMENT { 0 0 0 0 0} 187.57021 46.064503 66.024972 178.00011 66.0582497592086 178.089825218655 66.0633167941091 178.103485698052 -3.97222241162087 0.7874
DRILLPOS MANGA_ALIGNMENT { 0 0 0 0 0} 185.64309 45.379596 -227.975 30.792098 -228.090331597607 30.8076755934029 -228.0909717375 30.8077620557356 -5.21269905057114 0.7874
DRILLPOS MANGA_ALIGNMENT { 0 0 0 0 0} 187.16886 45.865803 5.3980613 134.48712 5.40073133288444 134.553641110632 5.40179207623598 134.580068435273 -2.33014527122916 0.7874
DRILLPOS MANGA_ALIGNMENT { 0 0 0 0 0} 188.46903 45.328994 204.51083 19.354275 204.613945726835 19.3640335547621 204.623495184539 19.3649372860242 -4.45139141029928 0.7874
DRILLPOS MANGA_ALIGNMENT { 0 0 0 0 0} 186.31131 46.271832 -123.78188 223.70665 -123.845365156506 223.821384496573 -123.840720068343 223.812989591665 -5.99774455394239 0.7874
DRILLPOS MANGA_ALIGNMENT { 0 0 0 0 0} 187.20622 44.011537 11.438091 -269.38874 11.4440439660449 -269.528943642557 11.4433932932876 -269.513619064859 -6.41354626557532 0.7874
DRILLPOS MANGA_ALIGNMENT { 0 0 0 0 0} 188.57527 44.193011 225.52551 -228.09135 225.657536452157 -228.224878538338 225.632962787706 -228.200025295354 -7.72110412364938 0.7874
DRILLPOS MANGA_ALIGNMENT { 0 0 0 0 0} 187.04853 45.287387 -12.957452 8.592056 -12.9609866843879 8.59439984091899 -12.9682827543587 8.5992378477871 -0.0929468842210604 0.7874
DRILLPOS MANGA { 0 0 0 0 0} 187.79214 44.20151 102.90811 -227.5355 102.960651386203 -227.651671899186 102.957697829479 -227.64514142257 -5.81740154744319 2.8448
DRILLPOS MANGA { 0 0 0 0 0} 186.71036 44.822637 -65.26845 -92.365637 -65.2998812792037 -92.4101174515103 -65.3161368099533 -92.4331217124122 -1.74388120859298 2.8448
DRILLPOS MANGA { 0 0 0 0 0} 188.00974 46.330341 131.88193 236.57936 131.950676882758 236.702683138544 131.942963387814 236.688846112522 -6.44930870598008 2.8448
DRILLPOS MANGA { 0 0 0 0 0} 186.90265 44.369504 -35.897068 -191.23195 -35.9151627630698 -191.328344970938 -35.9175842877905 -191.341244990915 -4.11709971986277 2.8448
DRILLPOS MANGA { 0 0 0 0 0} 186.23278 44.626944 -139.55537 -134.44513 -139.625715049019 -134.512899153278 -139.635344673289 -134.522176159865 -4.09280959269453 2.8448
DRILLPOS MANGA { 0 0 0 0 0} 187.72891 44.751347 92.079558 -107.74349 92.1253606287488 -107.797084252403 92.1419225944773 -107.816463624194 -2.53359162430212 2.8448
DRILLPOS MANGA { 0 0 0 0 0} 188.53906 46.081564 212.50353 183.53679 212.615958944703 183.633893552181 212.600894944576 183.62088295312 -6.73417616250155 2.8448
DRILLPOS MANGA { 0 0 0 0 0} 188.02017 45.152204 136.1397 -20.080981 136.207210663339 -20.0909390089262 136.232998479459 -20.0947427828844 -2.41573809232903 2.8448
DRILLPOS MANGA { 0 0 0 0 0} 188.27492 46.334241 171.82954 238.0172 171.922722645861 238.146276016013 171.908085051491 238.126000112191 -7.08214960300057 2.8448
DRILLPOS MANGA { 0 0 0 0 0} 186.94177 46.618811 -28.67297 298.89864 -28.6887658671451 299.063302509928 -28.6861301589153 299.035826820967 -7.25446886647613 2.8448
DRILLPOS MANGA { 0 0 0 0 0} 185.15105 45.779865 -301.54659 119.76222 -301.725447295365 119.833254949379 -301.69184121613 119.81990796159 -7.7940577659705 2.8448
DRILLPOS MANGA { 0 0 0 0 0} 189.05495 44.652834 298.19574 -126.27029 298.37220735174 -126.345014688152 298.339096990972 -126.330994183177 -7.78189580680455 2.8448
DRILLPOS MANGA { 0 0 0 0 0} 185.92566 45.344057 -184.81008 22.321996 -184.903215438445 22.333245218032 -184.91876216326 22.3351230048342 -3.85904636525884 2.8448
DRILLPOS MANGA { 0 0 0 0 0} 186.16547 44.478769 -150.40099 -166.62383 -150.476975361063 -166.708011439791 -150.478831872051 -166.710068201327 -5.04012741882866 2.8448
DRILLPOS MANGA { 0 0 0 0 0} 187.81367 46.589175 101.97416 292.90628 102.031865911872 293.072032029537 102.021585091113 293.042501833224 -7.4917661456199 2.8448
DRILLPOS MANGA { 0 0 0 0 0} 188.87832 44.733132 270.19567 -109.28824 270.34153529241 -109.347239321064 270.319117790274 -109.338171931666 -7.02663067314383 2.8448
DRILLPOS MANGA { 0 0 0 0 0} 187.63472 46.044249 75.799029 173.64625 75.83723263016 173.733769816562 75.8431071942943 173.747227720255 -3.96052381043792 2.8448
DRILLPOS MANGA { 0 0 0 0 0} 186.16348 46.245631 -146.12395 218.26294 -146.199388989447 218.375621977371 -146.192452712739 218.365261374972 -6.20759420920133 2.8448
DRILLPOS MANGA { 0 0 0 0 0} 185.68684 45.021359 -222.67642 -47.349832 -222.789000250358 -47.3737710230047 -222.790527920781 -47.3740958662813 -5.1388237179085 2.8448
DRILLPOS MANGA { 0 0 0 0 0} 188.07509 45.61496 143.42909 80.752549 143.501173645637 80.7931330832316 143.519666833327 80.8035450020768 -3.20620724360406 2.8448
DRILLPOS MANGA { 0 0 0 0 0} 188.32564 45.451025 182.14446 45.578595 182.236257876797 45.6015658784356 182.25099411959 45.6052533759422 -3.90820808610698 2.8448
DRILLPOS MANGA { 0 0 0 0 0} 187.58841 46.064427 68.774972 178.00011 68.8096367319134 178.089827609681 68.8147822224562 178.103144923465 -4.00207272869085 2.8448
DRILLPOS MANGA { 0 0 0 0 0} 185.66103 45.37983 -225.225 30.792098 -225.338859499268 30.8076645350635 -225.340533358782 30.8078933802015 -5.12847108131749 2.8448
DRILLPOS MANGA { 0 0 0 0 0} 187.187 45.865795 8.1480613 134.48712 8.15209205469547 134.553649272481 8.1536905278306 134.580032732353 -2.33405360850772 2.8448
DRILLPOS MANGA { 0 0 0 0 0} 188.48696 45.328782 207.26083 19.354275 207.365344895041 19.3640347313502 207.373964438323 19.3648396350605 -4.53593946924043 2.8448
DRILLPOS MANGA { 0 0 0 0 0} 186.32956 46.271973 -121.03188 223.70665 -121.093887397656 223.821260028407 -121.089579187769 223.813297042115 -5.95783173461287 2.8448
DRILLPOS MANGA { 0 0 0 0 0} 187.22377 44.011526 14.188091 -269.38874 14.1954764368446 -269.528967006292 14.1946668901495 -269.513596174222 -6.41737000847298 2.8448
DRILLPOS MANGA { 0 0 0 0 0} 188.59276 44.19285 228.27551 -228.09135 228.410056191232 -228.225787646839 228.384880201847 -228.200631968044 -7.75983795007942 2.8448
DRILLPOS MANGA { 0 0 0 0 0} 187.06651 45.287399 -10.207452 8.592056 -10.2101463618096 8.59432396144152 -10.2159900078186 8.59924281227264 -0.0833888014359148 2.8448
DRILLPOS MANGA_SKY { 0 0 0 0 0} 188.00617 44.208236 136.33759 -225.78592 136.408058604769 -225.902621628354 136.401380686164 -225.891562462677 -6.24017769047685 2.16662
DRILLPOS MANGA_SKY { 0 0 0 0 0} 187.60162 44.190981 73.160979 -230.0202 73.1981508223875 -230.137069267427 73.1969986386671 -230.133446769021 -5.56189540981748 2.16662
DRILLPOS MANGA_SKY { 0 0 0 0 0} 187.0235 44.877918 -16.915582 -80.468422 -16.9231399370645 -80.5043755527157 -16.9287603238608 -80.5311120644438 -1.00408327237324 2.16662
DRILLPOS MANGA_SKY { 0 0 0 0 0} 186.48609 44.854282 -99.847402 -85.268091 -99.8966370318802 -85.3101369330404 -99.9170372911388 -85.3275584295244 -2.23752826212781 2.16662
DRILLPOS MANGA_SKY { 0 0 0 0 0} 188.3334 46.367097 180.56586 245.36573 180.666467183175 245.502442194337 180.649130339574 245.478883658488 -7.36211563202313 2.16662
DRILLPOS MANGA_SKY { 0 0 0 0 0} 188.18102 46.457203 157.39571 264.7101 157.484217751543 264.858953458342 157.46864166109 264.832757391999 -7.44122032303351 2.16662
DRILLPOS MANGA_SKY { 0 0 0 0 0} 188.00503 46.526448 130.79651 279.4956 130.870190241251 279.653045357194 130.857176879074 279.625237448024 -7.45564166056083 2.16662
DRILLPOS MANGA_SKY { 0 0 0 0 0} 187.88518 46.442502 112.9319 260.87835 112.992013128689 261.017214340595 112.983546105809 260.997655093311 -6.83134746444095 2.16662
DRILLPOS MANGA_SKY { 0 0 0 0 0} 187.94836 46.332502 122.63587 236.94106 122.699474641664 237.063948606872 122.692960559981 237.051362946422 -6.3302412066979 2.16662
DRILLPOS MANGA_SKY { 0 0 0 0 0} 187.89875 46.22558 115.36941 213.5226 115.428066300742 213.631159503258 115.426007872432 213.627349819524 -5.60249677356795 2.16662
DRILLPOS MANGA_SKY { 0 0 0 0 0} 188.07319 46.140409 141.87504 195.2477 141.947123392122 195.346900793318 141.944894488612 195.343833387776 -5.5611553678349 2.16662
DRILLPOS MANGA_SKY { 0 0 0 0 0} 188.06708 46.289905 140.60702 227.85764 140.68002824568 227.975951920423 140.672380293045 227.963558197561 -6.35828883456534 2.16662
DRILLPOS MANGA_SKY { 0 0 0 0 0} 187.15592 44.346672 3.5321793 -196.2568 3.53395983738233 -196.355731152485 3.53418631569013 -196.368314859082 -4.1698685730521 2.16662
DRILLPOS MANGA_SKY { 0 0 0 0 0} 186.53985 44.571581 -92.039839 -146.91726 -92.0861726462962 -146.991219411855 -92.0963281905885 -147.00743005235 -3.47011484406534 2.16662
DRILLPOS MANGA_SKY { 0 0 0 0 0} 186.2259 44.784777 -140.2146 -100.04818 -140.285173864194 -100.098537000399 -140.300973385925 -100.109810529647 -3.43633464274156 2.16662
DRILLPOS MANGA_SKY { 0 0 0 0 0} 185.96026 44.607786 -181.89012 -138.10741 -181.982096322187 -138.177246732411 -181.983119517277 -138.178023634553 -5.16125427663813 2.16662
DRILLPOS MANGA_SKY { 0 0 0 0 0} 186.21721 44.439391 -142.45826 -175.29535 -142.530254046341 -175.383938907034 -142.531663841665 -175.385673664742 -5.08400660080943 2.16662
DRILLPOS MANGA_SKY { 0 0 0 0 0} 187.91754 44.795679 121.16088 -97.859114 121.221602324782 -97.9081581543772 121.239562447849 -97.9226641709289 -2.94267246344209 2.16662
DRILLPOS MANGA_SKY { 0 0 0 0 0} 188.61054 46.078459 223.34946 183.07854 223.469377008444 183.176835428281 223.451492564757 183.162175630854 -6.95510072874409 2.16662
DRILLPOS MANGA_SKY { 0 0 0 0 0} 188.19153 45.137766 162.52424 -22.912325 162.605910822664 -22.9238387805406 162.627029639266 -22.9268160668187 -3.19220359321546 2.16662
DRILLPOS MANGA_SKY { 0 0 0 0 0} 187.9646 45.16378 127.5723 -17.650592 127.635044080989 -17.6592731178755 127.661876661205 -17.6629856081709 -2.16743861999232 2.16662
DRILLPOS MANGA_SKY { 0 0 0 0 0} 188.44744 46.3545 197.81088 242.94224 197.923884984649 243.081027533334 197.903434853846 243.055911621683 -7.5625645021039 2.16662
DRILLPOS MANGA_SKY { 0 0 0 0 0} 187.14592 46.608308 1.8991097 296.5513 1.90014659212878 296.713213610757 1.89997897024686 296.687038984303 -7.16012593225749 2.16662
DRILLPOS MANGA_SKY { 0 0 0 0 0} 186.94434 46.685834 -28.263678 313.62364 -28.2799058095582 313.80370944117 -28.2769481932262 313.770890697631 -7.59784009499172 2.16662
DRILLPOS MANGA_SKY { 0 0 0 0 0} 186.82184 46.620946 -46.633752 299.43928 -46.6596254337132 299.605415514084 -46.6552162495317 299.577103768191 -7.32329496432215 2.16662
DRILLPOS MANGA_SKY { 0 0 0 0 0} 186.96071 46.403838 -25.92042 251.85305 -25.9336874262141 251.981961559213 -25.9328093218329 251.973429549832 -5.92252165125288 2.16662
DRILLPOS MANGA_SKY { 0 0 0 0 0} 185.37915 45.827991 -266.42466 129.35713 -266.569993390984 129.42769370214 -266.546582748399 129.416327135936 -7.15008010630307 2.16662
DRILLPOS MANGA_SKY { 0 0 0 0 0} 189.10923 44.801165 305.79097 -93.704905 305.969412411328 -93.7595859122634 305.936293817719 -93.7494372323731 -7.70207336542281 2.16662
DRILLPOS MANGA_SKY { 0 0 0 0 0} 186.21788 45.349928 -140.02125 23.002702 -140.090908139762 23.0141454446973 -140.116038804813 23.018273912335 -2.53843786109456 2.16662
DRILLPOS MANGA_SKY { 0 0 0 0 0} 186.01703 45.423587 -170.57304 39.433738 -170.658926927377 39.4535936735099 -170.677140736165 39.4578044125793 -3.52173173086469 2.16662
DRILLPOS MANGA_SKY { 0 0 0 0 0} 185.88918 45.435099 -190.09807 42.232312 -190.193893716615 42.2536002597762 -190.206657641819 42.2564359017768 -4.12203970675441 2.16662
DRILLPOS MANGA_SKY { 0 0 0 0 0} 185.68738 45.481481 -220.79626 52.857295 -220.907873022944 52.8840144855548 -220.90962158901 52.8844330817408 -5.11965315989168 2.16662
DRILLPOS MANGA_SKY { 0 0 0 0 0} 185.72524 45.358596 -215.46929 25.990381 -215.578022163418 26.0034965133717 -215.583500822472 26.0041573613106 -4.81015844904242 2.16662
DRILLPOS MANGA_SKY { 0 0 0 0 0} 185.82067 45.260397 -201.19435 4.35813 -201.295780605824 4.36032711819026 -201.306765669865 4.36056506889388 -4.32236367171743 2.16662
DRILLPOS MANGA_SKY { 0 0 0 0 0} 185.92969 45.2193 -184.59674 -4.8510569 -184.689761493145 -4.85350143155657 -184.705844948899 -4.85392409210309 -3.81343464314883 2.16662
DRILLPOS MANGA_SKY { 0 0 0 0 0} 186.06978 45.260212 -162.96527 3.7544758 -163.047138427485 3.75636192598119 -163.068709216488 3.75685888466016 -3.1586245938504 2.16662
DRILLPOS MANGA_SKY { 0 0 0 0 0} 186.40184 44.483906 -113.64061 -165.86489 -113.697900799844 -165.948509158804 -113.704144679315 -165.957622453616 -4.3167857349332 2.16662
DRILLPOS MANGA_SKY { 0 0 0 0 0} 186.21908 44.585934 -141.78655 -143.35908 -141.858031309042 -143.431354095826 -141.865667526556 -143.439075005302 -4.33438273470567 2.16662
DRILLPOS MANGA_SKY { 0 0 0 0 0} 186.04175 44.576801 -169.33907 -145.02739 -169.424598512897 -145.100639351116 -169.427132744402 -145.102809747946 -4.99343376957549 2.16662
DRILLPOS MANGA_SKY { 0 0 0 0 0} 185.89214 44.480136 -192.91566 -165.78504 -193.014496311841 -165.869976504958 -193.007625033963 -165.864071566614 -5.95829285421873 2.16662
DRILLPOS MANGA_SKY { 0 0 0 0 0} 186.07824 44.368089 -164.30226 -190.59887 -164.386260953968 -190.696315323669 -164.381071876898 -190.690295733762 -5.87570116624365 2.16662
DRILLPOS MANGA_SKY { 0 0 0 0 0} 186.25211 44.379261 -137.17929 -188.46106 -137.248753378015 -188.556490890858 -137.248437392286 -188.5560567801 -5.30705005199245 2.16662
DRILLPOS MANGA_SKY { 0 0 0 0 0} 187.96168 46.563717 124.22351 287.5882 124.294472073996 287.752483356095 124.281631405196 287.722756094106 -7.56215317874373 2.16662
DRILLPOS MANGA_SKY { 0 0 0 0 0} 187.80223 46.654271 100.17765 307.20102 100.236783676566 307.382357112194 100.225707073002 307.348390015612 -7.7681325263232 2.16662
DRILLPOS MANGA_SKY { 0 0 0 0 0} 187.7512 46.640879 92.544414 304.17013 92.5980759103743 304.346503154782 92.5881791526304 304.313975010084 -7.66289447684308 2.16662
DRILLPOS MANGA_SKY { 0 0 0 0 0} 187.61135 46.652447 71.579357 306.52183 71.6204384346461 306.697751621184 71.6129551074985 306.665706025528 -7.59509324159133 2.16662
DRILLPOS MANGA_SKY { 0 0 0 0 0} 187.48443 46.633092 52.585401 302.13815 52.6148640999424 302.307435131245 52.6097193869677 302.277875328887 -7.41084034097236 2.16662
DRILLPOS MANGA_SKY { 0 0 0 0 0} 187.6382 46.460459 75.80394 264.46437 75.8436893565519 264.603047337067 75.838842837764 264.586138828909 -6.57266367218436 2.16662
DRILLPOS MANGA_SKY { 0 0 0 0 0} 187.78403 46.428968 97.752186 257.7623 97.8034868744308 257.897575045259 97.7971683238369 257.880913687591 -6.58879456365366 2.16662
DRILLPOS MANGA_SKY { 0 0 0 0 0} 188.03042 46.415477 134.82077 255.23247 134.893135057688 255.36946604605 134.882360666687 255.349068785094 -6.95123736894177 2.16662
DRILLPOS MANGA_SKY { 0 0 0 0 0} 188.97494 44.737961 285.21115 -107.93533 285.370194767362 -107.995518914248 285.342731234683 -107.985125612785 -7.36951877953564 2.16662
DRILLPOS MANGA_SKY { 0 0 0 0 0} 188.87513 44.789094 269.41536 -97.094113 269.559329974448 -97.1459980779988 269.538483491385 -97.1384852517732 -6.88929052165894 2.16662
DRILLPOS MANGA_SKY { 0 0 0 0 0} 188.60057 44.74334 227.0358 -107.86007 227.151849798816 -107.915202888398 227.144776763588 -107.911842633871 -5.86699322247785 2.16662
DRILLPOS MANGA_SKY { 0 0 0 0 0} 188.87818 44.528947 271.25502 -153.85821 271.409302036266 -153.945720114781 271.381573183773 -153.929992068126 -7.53044857098121 2.16662
DRILLPOS MANGA_SKY { 0 0 0 0 0} 187.7031 46.042598 86.139614 173.36072 86.183033829059 173.448104798682 86.1890112566835 173.46013470117 -4.0866869998111 2.16662
DRILLPOS MANGA_SKY { 0 0 0 0 0} 187.37981 46.194188 37.173658 206.14465 37.1924048024623 206.248609449786 37.193860875514 206.25668402963 -4.576323362234 2.16662
DRILLPOS MANGA_SKY { 0 0 0 0 0} 186.38411 46.246307 -112.8609 218.01906 -112.918369362941 218.130076450225 -112.91586095963 218.125230841765 -5.68836524598299 2.16662
DRILLPOS MANGA_SKY { 0 0 0 0 0} 185.95625 45.023505 -181.14791 -47.543059 -181.23920402609 -47.5670195152979 -181.254032551484 -47.5709113264575 -3.89359531991534 2.16662
DRILLPOS MANGA_SKY { 0 0 0 0 0} 188.28495 45.592359 175.49311 76.263963 175.581565180936 76.3024029287588 175.594513584453 76.3080299107342 -4.01812069467496 2.16662
DRILLPOS MANGA_SKY { 0 0 0 0 0} 187.81276 45.608852 103.45746 78.993656 103.508417013954 79.0325635938178 103.529835237134 79.0489172115658 -2.20582628706503 2.16662
DRILLPOS MANGA_SKY { 0 0 0 0 0} 188.56815 45.449842 219.24283 45.935932 219.353585430365 45.9591375658006 219.356466581636 45.959741226905 -5.02588782999172 2.16662
DRILLPOS MANGA_SKY { 0 0 0 0 0} 188.4525 45.620616 200.9552 82.8226 201.05661180528 82.8643963276592 201.061605582019 82.8664544857626 -4.82013448963587 2.16662
DRILLPOS MANGA_SKY { 0 0 0 0 0} 188.28497 45.555928 175.60617 68.329959 175.6946747397 68.36439699973 175.708646879957 68.3698336866693 -3.92875363723118 2.16662
DRILLPOS MANGA_SKY { 0 0 0 0 0} 188.16768 45.454934 157.97649 46.087821 158.055884055319 46.1109833009856 158.076265537594 46.1169293636358 -3.20509562229309 2.16662
DRILLPOS MANGA_SKY { 0 0 0 0 0} 188.22547 45.321126 167.20158 17.074884 167.285675965904 17.0834720101294 167.305992779498 17.0855467945624 -3.31040111776521 2.16662
DRILLPOS MANGA_SKY { 0 0 0 0 0} 188.35031 45.417513 186.02587 38.338748 186.119630571373 38.3580714570987 186.1338757595 38.3610072997201 -3.97481644910186 2.16662
DRILLPOS MANGA_SKY { 0 0 0 0 0} 187.90156 46.010416 116.21273 166.61362 116.271320754278 166.697621276527 116.277247353397 166.706118212564 -4.38087051774354 2.16662
DRILLPOS MANGA_SKY { 0 0 0 0 0} 187.27437 46.106924 21.307763 187.07458 21.3185019658183 187.168864300051 21.3202035893028 187.183803948979 -3.92423575703762 2.16662
DRILLPOS MANGA_SKY { 0 0 0 0 0} 185.85118 45.334198 -196.25735 20.352937 -196.356283365792 20.3631969192395 -196.368479137603 20.364461686013 -4.20128498948842 2.16662
DRILLPOS MANGA_SKY { 0 0 0 0 0} 187.35036 45.887006 32.89766 139.15735 32.9140381680918 139.226629774595 32.9198596693656 139.251254768905 -2.56999019805961 2.16662
DRILLPOS MANGA_SKY { 0 0 0 0 0} 188.71895 45.313037 242.90103 16.576986 243.024576167404 16.5854175125687 243.019948493055 16.5851016930232 -5.62607549727931 2.16662
DRILLPOS MANGA_SKY { 0 0 0 0 0} 186.53416 46.27973 -90.198604 225.10446 -90.2444583213908 225.21889649677 -90.2428766233103 225.214949126451 -5.59653935113552 2.16662
DRILLPOS MANGA_SKY { 0 0 0 0 0} 186.34692 46.442098 -118.10006 260.8489 -118.163165590522 260.988282011081 -118.154032547718 260.968109759102 -6.8882320316364 2.16662
DRILLPOS MANGA_SKY { 0 0 0 0 0} 186.03992 46.254182 -164.74066 220.39905 -164.827051509469 220.514629278455 -164.816508457376 220.500524207702 -6.57410523739291 2.16662
DRILLPOS MANGA_SKY { 0 0 0 0 0} 186.34842 46.217117 -118.29741 211.70695 -118.357549331319 211.814576315813 -118.355472472902 211.810859536545 -5.59693821711238 2.16662
DRILLPOS MANGA_SKY { 0 0 0 0 0} 187.33399 43.993014 31.474118 -273.41095 31.4906245902956 -273.554340278132 31.4886082361374 -273.536824511497 -6.57561707326189 2.16662
DRILLPOS MANGA_SKY { 0 0 0 0 0} 188.74686 44.313515 251.85185 -201.31552 252.000147212655 -201.434060048366 251.972417787799 -201.411894781031 -7.75438799717831 2.16662
DRILLPOS MANGA_SKY { 0 0 0 0 0} 188.6973 44.327703 244.00042 -198.32556 244.140311358538 -198.439264853546 244.114865560164 -198.418582298114 -7.58780230628269 2.16662
DRILLPOS MANGA_SKY { 0 0 0 0 0} 188.58651 44.385121 226.38146 -186.03293 226.504079247318 -186.133694514254 226.484924279257 -186.117953583736 -7.06775586314709 2.16662
DRILLPOS MANGA_SKY { 0 0 0 0 0} 188.5245 44.32837 216.93862 -198.57551 217.056405532122 -198.683325390878 217.037803370787 -198.666297838687 -7.09629958668666 2.16662
DRILLPOS MANGA_SKY { 0 0 0 0 0} 188.47761 44.198107 210.16883 -227.16977 210.287528322738 -227.298070046566 210.266458227668 -227.275295553075 -7.47633040225558 2.16662
DRILLPOS MANGA_SKY { 0 0 0 0 0} 188.29659 44.133506 182.04145 -241.65159 182.142318533557 -241.785488304562 182.125191744568 -241.762753285748 -7.31097359691981 2.16662
DRILLPOS MANGA_SKY { 0 0 0 0 0} 188.38565 44.229964 195.62111 -220.37939 195.7274584901 -220.499198211781 195.71056736152 -220.480169301184 -7.11139552602294 2.16662
DRILLPOS MANGA_SKY { 0 0 0 0 0} 188.35513 44.257299 190.73796 -214.46343 190.840010076416 -214.578173858117 190.825115221036 -214.561426264853 -6.90663219906053 2.16662
DRILLPOS MANGA_SKY { 0 0 0 0 0} 187.21633 45.266783 12.714688 4.1120737 12.7180452484947 4.11315947208025 12.7253231173339 4.11551321705972 -0.0834724235734709 2.16662
DRILLPOS MANGA_SKY { 0 0 0 0 0} 187.24013 45.419632 16.314583 37.353262 16.3204267753693 37.3666416905775 16.3280116618462 37.3840077643417 -0.302484405239477 2.16662
DRILLPOS MANGA_SKY { 0 0 0 0 0} 187.04277 45.493189 -13.791782 53.350384 -13.7972343827066 53.3714753072082 -13.8029665142306 53.3936487593369 -0.499280472570327 2.16662
DRILLPOS MANGA_SKY { 0 0 0 0 0} 186.94068 45.459302 -29.372521 46.008186 -29.384097304148 46.0263187559332 -29.3963554640675 46.0455195491368 -0.491242305323748 2.16662
DRILLPOS MANGA_SKY { 0 0 0 0 0} 186.82646 45.306867 -46.919368 12.912062 -46.937178254124 12.9169633257273 -46.9576934372626 12.9226090393828 -0.404367690790483 2.16662
DRILLPOS MANGA_SKY { 0 0 0 0 0} 186.86943 45.18865 -40.429802 -12.817742 -40.4444725250596 -12.8223930988409 -40.463030607921 -12.8282766972352 -0.322421082703624 2.16662
DRILLPOS MANGA_SKY { 0 0 0 0 0} 187.07548 45.069071 -8.8703525 -38.882274 -8.87350736559784 -38.8961030274945 -8.87765936614067 -38.9143028930302 -0.292173077008204 2.16662
DRILLPOS MANGA_SKY { 0 0 0 0 0} 187.28394 45.173161 23.099832 -16.229011 23.1072053610826 -16.2341912263374 23.1190245647834 -16.2424949225232 -0.17568612450347 2.16662
DRILLPOS QUALITY { 0 0 0 0 0} 187.13324 45.247899 0 0 0 0 0 0 -0.056607 3.175

