plateId            4101
raCen            294.12000000
decCen            46.00600000
theta            0

typedef enum {
  OBJECT,
  COHERENT_SKY,
  GUIDE,
  LIGHT_TRAP,
  ALIGNMENT,
  QUALITY
} HOLETYPE;

typedef struct {
HOLETYPE holeType;
int objId[5];
double ra;
double dec;
double xFocal;
double yFocal;
double xFlat;
double yFlat;
double xDrill;
double yDrill;
double zDrill;
double holeDiam;
} DRILLPOS;

DRILLPOS LIGHT_TRAP { 0 0 0 0 0} 295.20944 45.525289 166.21021 -103.54949 166.265735801319 -103.584082751001 166.276550665543 -103.590820445845 -4.15568400674945 3.175
DRILLPOS LIGHT_TRAP { 0 0 0 0 0} 294.15785 44.694635 5.8646544 -285.80358 5.86678825170463 -285.907569496188 5.86633827370808 -285.885640612819 -6.87520811313483 3.175
DRILLPOS LIGHT_TRAP { 0 0 0 0 0} 294.89394 45.957506 117.08124 -9.9844885 117.118107320187 -9.98763248219929 117.145969699448 -9.99000853839168 -1.86024304238066 3.175
DRILLPOS LIGHT_TRAP { 0 0 0 0 0} 292.49553 46.946491 -241.87879 207.60885 -241.978307860255 207.694267942276 -241.952310239865 207.671953724184 -7.6800418133457 3.175
DRILLPOS LIGHT_TRAP { 0 0 0 0 0} 292.75457 46.331811 -205.33395 72.723725 -205.402667227575 72.7480627812629 -205.407607213034 72.749812390346 -4.83493665095199 3.175
DRILLPOS LIGHT_TRAP { 0 0 0 0 0} 295.16144 44.789284 161.1756 -264.26318 161.239242506388 -264.367528121684 161.223086217519 -264.34103830391 -7.47765601340707 3.175
DRILLPOS LIGHT_TRAP { 0 0 0 0 0} 292.55376 46.14779 -236.35182 33.21124 -236.431572472096 33.2224465077027 -236.428888097302 33.22206930978 -5.47884537564635 3.175
DRILLPOS LIGHT_TRAP { 0 0 0 0 0} 293.68979 46.467673 -64.483016 100.64058 -64.5034112046209 100.672411408479 -64.518432461868 100.69585553587 -1.91430930967947 3.175
DRILLPOS LIGHT_TRAP { 0 0 0 0 0} 294.12245 45.797539 0.37144262 -45.330953 0.371517244526354 -45.3400601964141 0.37168391028081 -45.3604001280083 -0.359422375585361 3.175
DRILLPOS LIGHT_TRAP { 0 0 0 0 0} 294.8699 44.964843 115.59685 -226.28217 115.636407689082 -226.359604633605 115.632343471778 -226.351648881256 -5.95026227617317 3.175
DRILLPOS LIGHT_TRAP { 0 0 0 0 0} 292.05066 46.009998 -313.39305 4.9428988 -313.518885318654 4.94488350018902 -313.486469188026 4.94437222639662 -7.56573025231482 3.175
DRILLPOS LIGHT_TRAP { 0 0 0 0 0} 294.55272 47.424973 63.855684 309.6415 63.8816399262643 309.767362436026 63.8748997526936 309.734678776187 -7.62512703823199 3.175
DRILLPOS LIGHT_TRAP { 0 0 0 0 0} 292.60191 45.067448 -233.79126 -202.43729 -233.883468164877 -202.517132039491 -233.860088374501 -202.496887735215 -7.47118284621699 3.175
DRILLPOS LIGHT_TRAP { 0 0 0 0 0} 294.37086 45.295379 38.41933 -154.64464 38.4320778697386 -154.695952444191 38.4374703295754 -154.717658054627 -3.04943982976941 3.175
DRILLPOS LIGHT_TRAP { 0 0 0 0 0} 294.77282 44.940457 100.6742 -231.72266 100.708592896096 -231.801822420646 100.705269362974 -231.79417261627 -5.90626220723095 3.175
DRILLPOS ALIGNMENT { 0 0 0 0 0} 295.26629 45.701402 174.3217 -65.074758 174.379912190609 -65.0964887668324 174.394613633412 -65.101976854848 -3.85656136727846 2.16662
DRILLPOS GUIDE { 0 0 0 0 0} 295.27501 45.711351 175.61656 -62.889595 175.675206311021 -62.9105966797297 175.689852887147 -62.9158417274672 -3.87079744871835 2.16662
DRILLPOS ALIGNMENT { 0 0 0 0 0} 294.34515 44.710213 34.875852 -282.35438 34.8884946154164 -282.45673442671 34.8858730697412 -282.435510431844 -6.8376313610508 2.16662
DRILLPOS GUIDE { 0 0 0 0 0} 294.34304 44.721718 34.540956 -279.83655 34.5533945286589 -279.937321818446 34.5509004277296 -279.917115643509 -6.76698007566509 2.16662
DRILLPOS ALIGNMENT { 0 0 0 0 0} 293.56692 44.804866 -85.517059 -261.44266 -85.5473599091164 -261.535295906478 -85.5419026693739 -261.518612039058 -6.57150274251491 2.16662
DRILLPOS GUIDE { 0 0 0 0 0} 293.56732 44.816479 -85.435361 -258.90397 -85.4654780722249 -258.995237005518 -85.4602904679308 -258.979516449874 -6.50110192549653 2.16662
DRILLPOS ALIGNMENT { 0 0 0 0 0} 292.34792 45.541132 -270.49591 -98.317631 -270.594869863028 -98.3536001179693 -270.573523717901 -98.3458413965161 -6.92837863166302 2.16662
DRILLPOS GUIDE { 0 0 0 0 0} 292.35206 45.5524 -269.80402 -95.87368 -269.902315458285 -95.9086088617458 -269.881471076523 -95.9012019017354 -6.88805018982753 2.16662
DRILLPOS ALIGNMENT { 0 0 0 0 0} 292.58701 46.620556 -229.40347 136.11726 -229.483440219759 136.164710577776 -229.471286461868 136.157499107858 -6.32876125953197 2.16662
DRILLPOS GUIDE { 0 0 0 0 0} 292.58766 46.608917 -229.35205 133.57778 -229.431819491083 133.624238845825 -229.420081270784 133.617402345307 -6.28941078551904 2.16662
DRILLPOS ALIGNMENT { 0 0 0 0 0} 293.62789 46.918637 -73.208765 198.9896 -73.2332439552057 199.056136534318 -73.2357718269267 199.063007571995 -4.65544495013983 2.16662
DRILLPOS GUIDE { 0 0 0 0 0} 293.6195 46.90849 -74.470947 196.7854 -74.4958437554545 196.851188313137 -74.4986367898461 196.858568753592 -4.60524492979132 2.16662
DRILLPOS ALIGNMENT { 0 0 0 0 0} 294.76068 47.003821 95.176534 217.73634 95.2086281119574 217.809762031455 95.2077078761975 217.807656798601 -5.44669105967432 2.16662
DRILLPOS GUIDE { 0 0 0 0 0} 294.75432 46.993019 94.248401 215.37199 94.2801347897997 215.44450655611 94.2796140127315 215.443316500976 -5.36847301906987 2.16662
DRILLPOS ALIGNMENT { 0 0 0 0 0} 295.9175 46.352135 270.36162 78.489168 270.45887266799 78.5174015969 270.439490021601 78.5117745859778 -6.75477205783315 2.16662
DRILLPOS GUIDE { 0 0 0 0 0} 295.91016 46.341665 269.30151 76.180975 269.397986377282 76.2082665829021 269.379212076191 76.2029556414147 -6.7082080555692 2.16662
DRILLPOS ALIGNMENT { 0 0 0 0 0} 293.92839 46.494667 -28.703044 106.36382 -28.7119180194299 106.39670412913 -28.719281303474 106.423989981414 -1.66778137499123 2.16662
DRILLPOS GUIDE { 0 0 0 0 0} 293.92484 46.483264 -29.239959 103.88121 -29.2489416219027 103.913122686069 -29.2566120143173 103.94037339614 -1.61005967380168 2.16662
DRILLPOS ALIGNMENT { 0 0 0 0 0} 293.76349 45.511457 -54.368639 -107.49976 -54.3858692656707 -107.533828342677 -54.3984079244362 -107.558620260091 -1.93960990646594 2.16662
DRILLPOS GUIDE { 0 0 0 0 0} 293.76678 45.522883 -53.853803 -105.01248 -53.8707802675984 -105.045584903922 -53.8835275934737 -105.070441612807 -1.87385302216227 2.16662
DRILLPOS ALIGNMENT { 0 0 0 0 0} 294.5341 45.077816 63.687958 -201.98432 63.7092528873819 -202.051856053634 63.7114801705668 -202.058919810954 -4.64796273482616 2.16662
DRILLPOS GUIDE { 0 0 0 0 0} 294.52568 45.087833 62.381174 -199.80627 62.4020268887943 -199.873061592103 62.4044914791895 -199.880955650236 -4.57163472819087 2.16662
DRILLPOS OBJECT { 0 0 0 0 0} 293.99792 45.042013 -18.787553 -209.93092 -18.7938341863022 -210.001105575478 -18.7945262318488 -210.008838448315 -4.6165138775128 2.16662
DRILLPOS OBJECT { 0 0 0 0 0} 293.61315 45.083072 -77.947399 -200.76228 -77.9734739602245 -200.829438988404 -77.9756940834348 -200.835157165063 -4.75855590464422 2.16662
DRILLPOS OBJECT { 0 0 0 0 0} 293.06074 45.310769 -162.25024 -150.34885 -162.304578112738 -150.399202300011 -162.307514276514 -150.401923090113 -4.9391843960188 2.16662
DRILLPOS OBJECT { 0 0 0 0 0} 292.30854 45.472009 -276.90907 -113.27084 -277.014131485722 -113.313815850301 -276.988987843489 -113.303530735854 -7.22703766032273 2.16662
DRILLPOS OBJECT { 0 0 0 0 0} 294.84629 44.700395 112.56719 -284.1551 112.610942176776 -284.265544297018 112.600040288732 -284.238024492294 -7.38604213583358 2.16662
DRILLPOS OBJECT { 0 0 0 0 0} 294.42435 44.780275 47.076639 -266.99271 47.0931835066506 -267.086541309119 47.090417714554 -267.07085526307 -6.45676880687834 2.16662
DRILLPOS OBJECT { 0 0 0 0 0} 294.41206 44.932884 45.040943 -233.67255 45.0561343716321 -233.751362882476 45.0556737446504 -233.748973148286 -5.45729991260518 2.16662
DRILLPOS OBJECT { 0 0 0 0 0} 294.47621 44.984102 54.88126 -222.46212 54.8996864573159 -222.536811957848 54.8999288284738 -222.537794413455 -5.18447299243267 2.16662
DRILLPOS OBJECT { 0 0 0 0 0} 295.04593 44.759177 143.36456 -271.02712 143.420496933401 -271.132867375512 143.406488769354 -271.106385291249 -7.40915419004665 2.16662
DRILLPOS OBJECT { 0 0 0 0 0} 295.28982 44.896684 180.66534 -240.52161 180.734289624919 -240.613403338968 180.717599380997 -240.591183446988 -7.26811296512428 2.16662
DRILLPOS OBJECT { 0 0 0 0 0} 295.13921 44.940656 157.22378 -231.16277 157.280063264041 -231.245522082543 157.269160470957 -231.229491938439 -6.69955695260154 2.16662
DRILLPOS OBJECT { 0 0 0 0 0} 294.96811 45.160666 130.25742 -183.4307 130.301089269568 -183.492195803351 130.30259029827 -183.494309577335 -5.0559478829424 2.16662
DRILLPOS OBJECT { 0 0 0 0 0} 295.33753 45.50473 185.8421 -107.7574 185.904262855506 -107.793444080894 185.909737083577 -107.796618219499 -4.74184842620009 2.16662
DRILLPOS OBJECT { 0 0 0 0 0} 295.92704 45.89032 274.05601 -22.10101 274.1530882912 -22.1088387948679 274.135643536349 -22.1074319776942 -6.56782666225174 2.16662
DRILLPOS OBJECT { 0 0 0 0 0} 296.14001 45.935655 306.27939 -11.45562 306.398836798739 -11.4600876108849 306.368941474783 -11.4589694505313 -7.40641220761704 2.16662
DRILLPOS OBJECT { 0 0 0 0 0} 295.93853 46.013373 275.18746 4.7480313 275.284998855518 4.74971421657976 275.267384334523 4.74941029903562 -6.57595728521418 2.16662
DRILLPOS OBJECT { 0 0 0 0 0} 295.08844 45.489365 147.83424 -111.60151 147.883604274765 -111.638775572603 147.8963224162 -111.648376621646 -3.8308065378235 2.16662
DRILLPOS OBJECT { 0 0 0 0 0} 294.81385 45.512656 105.84332 -106.93429 105.878247663198 -106.969577676779 105.895186332496 -106.986690939807 -2.78708386362941 2.16662
DRILLPOS OBJECT { 0 0 0 0 0} 295.29772 45.767432 178.88845 -50.628044 178.948186577876 -50.6449503239863 178.963329665074 -50.649236038827 -3.85175401559849 2.16662
DRILLPOS OBJECT { 0 0 0 0 0} 295.21394 46.134782 165.04146 29.172082 165.096402568171 29.1817934331392 165.116629083947 29.1853685928402 -3.29622992842519 2.16662
DRILLPOS OBJECT { 0 0 0 0 0} 294.37511 45.226439 39.1226 -169.67277 39.1356453035995 -169.729346832757 39.13990174911 -169.747806825194 -3.49304996049463 2.16662
DRILLPOS OBJECT { 0 0 0 0 0} 294.40194 45.356614 43.127295 -141.28219 43.1414958382071 -141.328711014632 43.1486640948113 -141.352193753151 -2.70700990106392 2.16662
DRILLPOS OBJECT { 0 0 0 0 0} 294.79253 45.636371 102.3431 -80.014864 102.376096254306 -80.0406614480038 102.397348642154 -80.0572771936998 -2.19864940383952 2.16662
DRILLPOS OBJECT { 0 0 0 0 0} 294.75231 46.040111 95.490154 7.7997334 95.518305420202 7.80203283678179 95.5464142471926 7.80432879450654 -1.31142676200655 2.16662
DRILLPOS OBJECT { 0 0 0 0 0} 293.87491 45.43575 -37.430786 -124.05112 -37.4428476132982 -124.09109395723 -37.4506503965668 -124.116953526505 -2.18933865473932 2.16662
DRILLPOS OBJECT { 0 0 0 0 0} 294.30258 45.522624 27.834595 -105.14531 27.843166835814 -105.177690149017 27.8504075698205 -105.205042054864 -1.63176361672714 2.16662
DRILLPOS OBJECT { 0 0 0 0 0} 293.43432 46.074885 -103.49479 15.433052 -103.5262689454 15.4377461126337 -103.554300717718 15.4419261858513 -1.52715715491704 2.16662
DRILLPOS OBJECT { 0 0 0 0 0} 293.30632 46.127004 -122.72697 26.960803 -122.766256153954 26.9694334278301 -122.793000674335 26.9753086950621 -2.08085340935407 2.16662
DRILLPOS OBJECT { 0 0 0 0 0} 292.67606 45.611335 -220.00893 -83.977858 -220.083024366849 -84.006139971181 -220.081664138047 -84.0056207690689 -5.3808147885223 2.16662
DRILLPOS OBJECT { 0 0 0 0 0} 292.47491 45.857103 -249.58239 -29.862338 -249.667532117736 -29.8725251878775 -249.659770920564 -29.8715965666987 -5.8672399039932 2.16662
DRILLPOS OBJECT { 0 0 0 0 0} 293.14612 46.048929 -147.13047 10.244003 -147.178907272243 10.2473754595739 -147.203439140031 10.2490834982094 -2.70026851392855 2.16662
DRILLPOS OBJECT { 0 0 0 0 0} 292.19615 46.29447 -289.74934 66.388626 -289.858539637664 66.4136462947977 -289.832780648382 66.4077442834053 -7.17811493767581 2.16662
DRILLPOS OBJECT { 0 0 0 0 0} 292.93686 46.708474 -176.71729 154.33152 -176.776776120807 154.383470680338 -176.775936222081 154.382737176293 -5.35398616752682 2.16662
DRILLPOS OBJECT { 0 0 0 0 0} 292.98884 46.677558 -169.03854 147.47429 -169.095199514865 147.523721459397 -169.097336837902 147.52558612409 -5.03590452526573 2.16662
DRILLPOS OBJECT { 0 0 0 0 0} 293.21546 46.579927 -135.38177 125.74279 -135.426974681018 125.784776175187 -135.438747170993 125.795710481442 -3.8167399737631 2.16662
DRILLPOS OBJECT { 0 0 0 0 0} 293.18426 46.310593 -140.70959 67.136274 -140.756192021465 67.1585090593304 -140.777004657406 67.1684393194444 -2.94742626047409 2.16662
DRILLPOS OBJECT { 0 0 0 0 0} 293.50104 46.849966 -92.193213 184.15913 -92.2240239646075 184.22067596691 -92.2282439586609 184.229105550912 -4.46751838613569 2.16662
DRILLPOS OBJECT { 0 0 0 0 0} 293.67921 46.852739 -65.647592 184.57325 -65.6695229196 184.634910465871 -65.6737851437442 184.64689403661 -4.15792572914513 2.16662
DRILLPOS OBJECT { 0 0 0 0 0} 294.00479 46.604486 -17.227513 130.26783 -17.23308004838 130.309925879537 -17.2365960784857 130.33651274742 -2.24033497944238 2.16662
DRILLPOS OBJECT { 0 0 0 0 0} 293.74027 46.485603 -56.897723 104.50317 -56.91569823517 104.53618483711 -56.9290284579755 104.560668251674 -1.89986860657687 2.16662
DRILLPOS OBJECT { 0 0 0 0 0} 294.6664 46.577792 81.758453 124.74975 81.785405722665 124.790875355127 81.7987297829853 124.811205646772 -2.74891807295695 2.16662
DRILLPOS OBJECT { 0 0 0 0 0} 294.93339 46.460863 121.97849 99.647409 122.0189249456 99.6804413613784 122.036536917219 99.6948290402162 -2.99484452434561 2.16662
DRILLPOS OBJECT { 0 0 0 0 0} 294.71879 46.315869 89.993138 67.765029 90.0211454737955 67.7861186887935 90.043661114809 67.803073015536 -1.73225100731197 2.16662
DRILLPOS OBJECT { 0 0 0 0 0} 294.61227 46.231138 74.079093 49.205261 74.1003003373087 49.2193474652243 74.1235067958037 49.2347617987547 -1.15184019090009 2.16662
DRILLPOS OBJECT { 0 0 0 0 0} 295.94552 46.580325 273.53662 128.35551 273.641528579514 128.404737756879 273.615911784959 128.392717221093 -7.30131139489476 2.16662
DRILLPOS OBJECT { 0 0 0 0 0} 295.68174 46.343947 234.8476 75.925567 234.927351534978 75.9513504464236 234.921670062961 75.9495136425378 -5.72863516409558 2.16662
DRILLPOS OBJECT { 0 0 0 0 0} 295.23563 46.267753 167.92114 58.170699 167.977167113927 58.1901077318611 167.994186743587 58.1960036170013 -3.60179205479613 2.16662
DRILLPOS OBJECT { 0 0 0 0 0} 296.03009 46.212566 288.07726 48.482943 288.184023124372 48.5009110634057 288.159936399871 48.4968573061218 -7.04436193690655 2.16662
DRILLPOS OBJECT { 0 0 0 0 0} 295.03911 46.966002 136.64654 209.9276 136.693111550445 209.999147027924 136.689042692642 209.992896115509 -5.8404957994051 2.16662
DRILLPOS OBJECT { 0 0 0 0 0} 295.24387 46.842556 167.46718 183.42614 167.524133956016 183.488521442798 167.519682298987 183.483645560458 -5.77626475838997 2.16662
DRILLPOS OBJECT { 0 0 0 0 0} 295.2652 46.46899 171.76652 102.06393 171.823908769502 102.098030494982 171.8337688317 102.103889359084 -4.2780035841091 2.16662
DRILLPOS OBJECT { 0 0 0 0 0} 295.19498 46.385324 161.46143 83.687081 161.515329216996 83.7150175055704 161.530320944269 83.7227878684035 -3.72802375814323 2.16662
DRILLPOS OBJECT { 0 0 0 0 0} 294.81431 47.248392 102.73532 271.2421 102.773152631099 271.341985826099 102.764792564207 271.319913552418 -6.98880311902969 2.16662
DRILLPOS OBJECT { 0 0 0 0 0} 294.28587 47.108703 24.593569 240.23027 24.6018839135202 240.311490172639 24.6014939312417 240.307680821175 -5.56530530156193 2.16662
DRILLPOS OBJECT { 0 0 0 0 0} 294.82268 47.074179 104.26469 233.17432 104.300427532121 233.254242308797 104.296559346511 233.245591618431 -5.99034232847949 2.16662
DRILLPOS OBJECT { 0 0 0 0 0} 294.54784 46.593439 63.996113 128.03924 64.0170969932688 128.081223402184 64.0284014215283 128.10384056337 -2.57427880095792 2.16662
DRILLPOS OBJECT { 0 0 0 0 0} 293.8428 47.177273 -41.053894 255.25121 -41.0680230425355 255.339056848422 -41.0663157996613 255.32844212307 -6.08399636423089 2.16662
DRILLPOS OBJECT { 0 0 0 0 0} 293.15697 47.157615 -142.73651 251.87149 -142.788988401562 251.964092889017 -142.777457496633 251.943745563686 -6.97424177194149 2.16662
DRILLPOS OBJECT { 0 0 0 0 0} 293.13862 47.069538 -145.66109 232.65373 -145.712636743908 232.736061817231 -145.703448457716 232.721386044484 -6.5547102977068 2.16662
DRILLPOS OBJECT { 0 0 0 0 0} 293.4699 47.045563 -96.506887 226.85575 -96.5396510677812 226.932767479276 -96.53735885265 226.927379240168 -5.71989975207238 2.16662
DRILLPOS OBJECT { 0 0 0 0 0} 293.22547 44.780546 -138.43063 -266.38344 -138.483344239642 -266.484878536347 -138.470636966766 -266.460425804594 -7.25282635139566 2.16662
DRILLPOS OBJECT { 0 0 0 0 0} 292.64662 45.096786 -226.73846 -196.12533 -226.824673910954 -196.199903725765 -226.803950851562 -196.181978593602 -7.24246204596867 2.16662
DRILLPOS OBJECT { 0 0 0 0 0} 293.24717 45.274189 -133.76982 -158.64687 -133.814530470335 -158.699895235251 -133.820261936551 -158.706692576951 -4.51599099277665 2.16662
DRILLPOS OBJECT { 0 0 0 0 0} 292.9513 45.300164 -179.06274 -152.43934 -179.123033461552 -152.490668911226 -179.122023165235 -152.48980882775 -5.37066074665366 2.16662
DRILLPOS OBJECT { 0 0 0 0 0} 293.90012 44.867996 -33.952068 -247.86666 -33.9636358031434 -247.951110606328 -33.9626402865259 -247.943842849355 -5.83129996849158 2.16662
DRILLPOS OBJECT { 0 0 0 0 0} 294.07681 44.924761 -6.6614646 -235.51828 -6.66370819413813 -235.597603011404 -6.66366568708827 -235.596100160624 -5.38454670339701 2.16662
DRILLPOS OBJECT { 0 0 0 0 0} 294.45636 45.253432 51.557255 -163.74612 51.5744374956098 -163.800691698746 51.5803118265751 -163.81934860558 -3.41887468381327 2.16662
DRILLPOS OBJECT { 0 0 0 0 0} 294.25647 45.286519 20.902609 -156.614 20.9095398997978 -156.665930165317 20.9125351834311 -156.688372500193 -3.00955683106214 2.16662
DRILLPOS OBJECT { 0 0 0 0 0} 294.9817 44.842411 133.16869 -252.88217 133.217135241555 -252.974165632086 133.206926797859 -252.954780194007 -6.87353662927225 2.16662
DRILLPOS OBJECT { 0 0 0 0 0} 295.41983 45.053371 200.13744 -206.00079 200.21053506511 -206.076026503264 200.194874559669 -206.059907197987 -6.91213408104094 2.16662
DRILLPOS OBJECT { 0 0 0 0 0} 294.86712 45.161906 114.73879 -183.30488 114.777177866062 -183.366207848951 114.780262175616 -183.371135293216 -4.7861061814011 2.16662
DRILLPOS OBJECT { 0 0 0 0 0} 295.03039 45.219217 139.67348 -170.56824 139.720248882742 -170.625353820147 139.722958822212 -170.628663178559 -4.9162250928644 2.16662
DRILLPOS OBJECT { 0 0 0 0 0} 295.29904 45.253898 180.80638 -162.50266 180.867585069616 -162.557669046794 180.864256481567 -162.554677424418 -5.61487830205801 2.16662
DRILLPOS OBJECT { 0 0 0 0 0} 295.79171 45.283026 256.40999 -154.93015 256.507412886655 -154.989015656689 256.484030269156 -154.974887219507 -7.23717010787147 2.16662
DRILLPOS OBJECT { 0 0 0 0 0} 295.27653 45.601752 176.20516 -86.755997 176.264025782237 -86.7849800310711 176.275293575436 -86.7905278177132 -4.17344401819058 2.16662
DRILLPOS OBJECT { 0 0 0 0 0} 295.47686 45.599113 206.77162 -86.865985 206.84092610912 -86.8951009078562 206.843558485019 -86.8962067845978 -5.03435350748867 2.16662
DRILLPOS OBJECT { 0 0 0 0 0} 294.37429 45.475608 38.805459 -115.36216 38.8177884650434 -115.398813444018 38.8266185284234 -115.425063750308 -1.97333623244504 2.16662
DRILLPOS OBJECT { 0 0 0 0 0} 294.45568 45.535948 51.166543 -102.17683 51.1825320401039 -102.208759251749 51.1951238384905 -102.233904394799 -1.77463660026951 2.16662
DRILLPOS OBJECT { 0 0 0 0 0} 294.28111 45.759196 24.445024 -53.649764 24.4507464209137 -53.6623230603441 24.4605982155959 -53.6839449028785 -0.560933494072975 2.16662
DRILLPOS OBJECT { 0 0 0 0 0} 295.09715 45.784509 148.34113 -47.309323 148.390253662046 -47.3249896407669 148.412261530146 -47.3320084449279 -2.9414287191564 2.16662
DRILLPOS OBJECT { 0 0 0 0 0} 294.26033 45.455129 21.422575 -119.86178 21.4293821322878 -119.899866690919 21.434254288384 -119.927126966685 -1.97461413742944 2.16662
DRILLPOS OBJECT { 0 0 0 0 0} 294.13424 45.64573 2.1659147 -78.364747 2.16650139793389 -78.3859742603134 2.16724507346876 -78.4128811117885 -0.923368529266348 2.16662
DRILLPOS OBJECT { 0 0 0 0 0} 294.03702 45.835848 -12.57196 -36.992544 -12.5742651350295 -36.999326777626 -12.5801859032649 -37.0167484270318 -0.282851962993276 2.16662
DRILLPOS OBJECT { 0 0 0 0 0} 294.11163 46.101779 -1.2614268 20.824296 -1.26158220903218 20.8268615739098 -1.26226452682816 20.8381256343766 -0.121899915382687 2.16662
DRILLPOS OBJECT { 0 0 0 0 0} 293.57867 45.376483 -82.785437 -136.7687 -82.8129129965472 -136.814092722019 -82.8244374493546 -136.833132114523 -3.06510149556975 2.16662
DRILLPOS OBJECT { 0 0 0 0 0} 293.34624 45.459486 -118.16244 -118.41455 -118.201772596939 -118.453966516508 -118.21633308089 -118.468558066537 -3.28677884844735 2.16662
DRILLPOS OBJECT { 0 0 0 0 0} 293.67619 45.635354 -67.519988 -80.457251 -67.5405504636976 -80.4817533636985 -67.5587685306171 -80.5034621291514 -1.53708540161022 2.16662
DRILLPOS OBJECT { 0 0 0 0 0} 293.48224 45.938207 -96.493142 -14.363369 -96.5217810925069 -14.367632037196 -96.5497297028744 -14.371792293515 -1.35320939194441 2.16662
DRILLPOS OBJECT { 0 0 0 0 0} 292.26506 45.618567 -282.78475 -81.166149 -282.890245232983 -81.1964287155755 -282.865985441029 -81.1894655611324 -7.09899407752117 2.16662
DRILLPOS OBJECT { 0 0 0 0 0} 292.53725 45.735705 -240.64148 -56.494842 -240.723226921842 -56.5140335351977 -240.717269005547 -56.5126348090107 -5.73988765253194 2.16662
DRILLPOS OBJECT { 0 0 0 0 0} 292.25062 45.996936 -282.99822 1.3453485 -283.100403089892 1.34583426936883 -283.07962261482 1.34573548082886 -6.79604362026235 2.16662
DRILLPOS OBJECT { 0 0 0 0 0} 292.87202 46.043859 -188.62111 9.7215728 -188.684107093119 9.7248196838029 -188.698959130422 9.72558516101735 -3.94221965596719 2.16662
DRILLPOS OBJECT { 0 0 0 0 0} 292.83412 46.9254 -191.37581 201.90573 -191.444096793328 201.977774083609 -191.43114452394 201.964109151734 -6.66067720567905 2.16662
DRILLPOS OBJECT { 0 0 0 0 0} 292.60632 46.75653 -225.98755 165.71468 -226.068581386974 165.774099602374 -226.052727375621 165.762473995485 -6.71852821247871 2.16662
DRILLPOS OBJECT { 0 0 0 0 0} 293.04283 46.72527 -160.83078 157.75431 -160.884704370409 157.807202871912 -160.886471956925 157.808936646947 -5.0655068200413 2.16662
DRILLPOS OBJECT { 0 0 0 0 0} 292.67813 46.60161 -215.81441 131.71537 -215.888153402011 131.760376908857 -215.880969131352 131.755992220791 -5.91191116044213 2.16662
DRILLPOS OBJECT { 0 0 0 0 0} 293.15879 46.887504 -143.10142 192.88593 -143.149755883442 192.951081777181 -143.147786119753 192.948426739229 -5.52495703166961 2.16662
DRILLPOS OBJECT { 0 0 0 0 0} 293.83638 46.380065 -42.56683 81.452097 -42.5791789512291 81.4757268538877 -42.5921630309094 81.5005720330466 -1.21986545909396 2.16662
DRILLPOS OBJECT { 0 0 0 0 0} 293.25522 46.301879 -130.04644 65.111881 -130.089175587886 65.1332779295344 -130.111464846079 65.1444377546481 -2.64066173385843 2.16662
DRILLPOS OBJECT { 0 0 0 0 0} 293.849 46.239175 -40.766271 50.781654 -40.7763412637131 50.7941983077089 -40.7919732642351 50.8136707495674 -0.666868353915786 2.16662
DRILLPOS OBJECT { 0 0 0 0 0} 294.28185 46.810376 24.120853 175.1654 24.1288998583314 175.223836206976 24.1313891337273 175.241913300703 -3.57468284501372 2.16662
DRILLPOS OBJECT { 0 0 0 0 0} 293.98393 46.551776 -20.363863 118.78669 -20.3703173381314 118.824339509957 -20.3750110374274 118.851718843791 -1.94104442987091 2.16662
DRILLPOS OBJECT { 0 0 0 0 0} 294.11621 46.412387 -0.5688416 88.404471 -0.569004049810703 88.4297175529582 -0.56918308326659 88.4575413934773 -1.13996984684553 2.16662
DRILLPOS OBJECT { 0 0 0 0 0} 294.27076 46.276903 22.662965 58.938123 22.6684724372722 58.9524458397239 22.6773031551112 58.9754113225798 -0.631968425150411 2.16662
DRILLPOS OBJECT { 0 0 0 0 0} 294.78596 46.659312 99.520098 142.6631 99.5532814744135 142.710668857183 99.5641462771132 142.726243665339 -3.48762288996526 2.16662
DRILLPOS OBJECT { 0 0 0 0 0} 295.68312 45.976747 236.60856 -4.0511056 236.688297939682 -4.05247083722549 236.686389529939 -4.05243816229014 -5.41631624373854 2.16662
DRILLPOS OBJECT { 0 0 0 0 0} 295.16591 45.869045 158.54706 -28.776328 158.599711871598 -28.7858843268528 158.621346395919 -28.7898109980128 -3.10277936115152 2.16662
DRILLPOS OBJECT { 0 0 0 0 0} 295.3767 45.761414 190.92066 -51.759673 190.984444449322 -51.7769653257201 190.99613376659 -51.7801343658825 -4.21674995016359 2.16662
DRILLPOS OBJECT { 0 0 0 0 0} 294.44515 47.060316 48.251528 229.75193 48.2677715596732 229.829274476738 48.2675308999348 229.828128564025 -5.35838485377666 2.16662
DRILLPOS OBJECT { 0 0 0 0 0} 294.29712 46.963618 26.327543 208.58569 26.3363445539259 208.655422226768 26.3373399433797 208.663308416377 -4.60015388899582 2.16662
DRILLPOS OBJECT { 0 0 0 0 0} 294.41131 46.885693 43.359633 191.64738 43.3741184157397 191.711404803317 43.3768838825593 191.723628026481 -4.17609886528053 2.16662
DRILLPOS OBJECT { 0 0 0 0 0} 294.7293 46.770886 90.877418 166.90813 90.9077715182483 166.963878161438 90.9147155238439 166.976631725681 -3.97816724612905 2.16662
DRILLPOS OBJECT { 0 0 0 0 0} 293.76416 47.357681 -52.55528 294.78535 -52.5752378046121 294.897294383472 -52.5704527582216 294.870454804747 -7.23342703275115 2.16662
DRILLPOS OBJECT { 0 0 0 0 0} 293.72743 47.299327 -58.030196 282.02642 -58.0514337447812 282.129635317927 -58.0468462276021 282.107340010727 -6.9317774940917 2.16662
DRILLPOS OBJECT { 0 0 0 0 0} 293.61983 47.160291 -74.102023 251.72391 -74.1276707015985 251.811035013158 -74.1241848045602 251.799193452067 -6.19993677939795 2.16662
DRILLPOS OBJECT { 0 0 0 0 0} 293.36985 47.145982 -111.18082 248.92939 -111.220012173822 249.017139702893 -111.213262217252 249.002026821269 -6.50091838593623 2.16662
DRILLPOS OBJECT { 0 0 0 0 0} 293.0398 47.229714 -159.96709 267.94425 -160.030937708966 268.051194662762 -160.014567325924 268.023774335203 -7.5352062623549 2.16662
DRILLPOS OBJECT { 0 0 0 0 0} 293.21842 47.062359 -133.82295 230.92648 -133.869613322828 231.007002786904 -133.862495842599 230.994720778058 -6.333281161286 2.16662
DRILLPOS OBJECT { 0 0 0 0 0} 293.10122 46.911872 -151.61546 198.31601 -151.66708766561 198.383540004192 -151.662767766773 198.377889491368 -5.81459546477421 2.16662
DRILLPOS OBJECT { 0 0 0 0 0} 293.03049 46.854099 -162.30999 185.86651 -162.365105812028 185.929624929817 -162.361192952839 185.925144186016 -5.72695108239241 2.16662
DRILLPOS QUALITY { 0 0 0 0 0} 294.12 46.006001 0 0 0 0 0 0 -0.056607 3.175

