plateId            4100
raCen            240.54900000
decCen            28.08888900
theta            0

typedef enum {
  OBJECT,
  COHERENT_SKY,
  GUIDE,
  LIGHT_TRAP,
  ALIGNMENT,
  QUALITY
} HOLETYPE;

typedef struct {
HOLETYPE holeType;
int objId[5];
double ra;
double dec;
double xFocal;
double yFocal;
double xFlat;
double yFlat;
double xDrill;
double yDrill;
double zDrill;
double holeDiam;
} DRILLPOS;

DRILLPOS ALIGNMENT { 0 0 0 0 0} 241.67516 27.758917 217.05039 -70.879331 217.123241984848 -70.903121327896 217.124495585784 -70.9035307000961 -5.15970285273926 2.16662
DRILLPOS GUIDE { 0 0 0 0 0} 241.68146 27.769157 218.24531 -68.637955 218.318576005138 -68.6609970931552 218.319668373226 -68.661340641943 -5.17372993849001 2.16662
DRILLPOS ALIGNMENT { 0 0 0 0 0} 241.11026 26.954606 109.01345 -246.90938 109.051672057541 -246.995950827085 109.04543925977 -246.981833887997 -6.42152135531483 2.16662
DRILLPOS GUIDE { 0 0 0 0 0} 241.11224 26.966101 109.38325 -244.39644 109.421449590989 -244.481789850614 109.415506296362 -244.468510668941 -6.35855684716355 2.16662
DRILLPOS ALIGNMENT { 0 0 0 0 0} 239.54513 26.961498 -195.12167 -245.05388 -195.199952560775 -245.152195298625 -195.179798644732 -245.126883936112 -7.56163695045214 2.16662
DRILLPOS GUIDE { 0 0 0 0 0} 239.54706 26.972943 -194.71539 -242.54658 -194.792764126564 -242.642960824231 -194.773001802658 -242.618343950977 -7.51197599676295 2.16662
DRILLPOS ALIGNMENT { 0 0 0 0 0} 239.52353 27.306004 -198.51677 -169.73173 -198.585351999753 -169.790367572357 -198.576351152813 -169.782671853136 -6.16354124186935 2.16662
DRILLPOS GUIDE { 0 0 0 0 0} 239.51972 27.317155 -199.23104 -167.29423 -199.299764457834 -167.351937901618 -199.291020173221 -167.344595329089 -6.13269236637815 2.16662
DRILLPOS ALIGNMENT { 0 0 0 0 0} 239.12546 28.633422 -272.35236 120.31875 -272.455175475698 120.364171414805 -272.430830614365 120.35341643811 -7.19059376145297 2.16662
DRILLPOS GUIDE { 0 0 0 0 0} 239.12422 28.621829 -272.61537 117.79241 -272.718013121233 117.836760326322 -272.693854539311 117.826321818814 -7.17086607742591 2.16662
DRILLPOS ALIGNMENT { 0 0 0 0 0} 240.35828 29.538296 -36.191071 316.15654 -36.2059236061622 316.286288814955 -36.2020478603712 316.252431226735 -7.66884959615527 2.16662
DRILLPOS GUIDE { 0 0 0 0 0} 240.36349 29.527675 -35.204033 313.81617 -35.2183183100511 313.943512264663 -35.214612398786 313.910476990563 -7.61711574357972 2.16662
DRILLPOS ALIGNMENT { 0 0 0 0 0} 241.39979 29.338184 161.76201 273.04081 161.828129424427 273.152414085547 161.810908665967 273.123346878489 -7.65076892744424 2.16662
DRILLPOS GUIDE { 0 0 0 0 0} 241.40053 29.326629 161.91165 270.50522 161.977194919148 270.614725664194 161.960215813372 270.586358732331 -7.60576381069498 2.16662
DRILLPOS ALIGNMENT { 0 0 0 0 0} 241.41903 28.50075 166.48673 90.277945 166.542335819803 90.3080974280153 166.555273973262 90.3151131818016 -3.95805140198763 2.16662
DRILLPOS GUIDE { 0 0 0 0 0} 241.41454 28.489782 165.64292 87.882204 165.698238803969 87.9115535092664 165.711730412282 87.9187115107916 -3.90061193472409 2.16662
DRILLPOS ALIGNMENT { 0 0 0 0 0} 240.67161 28.548989 23.432732 100.11721 23.4398175100977 100.147483102701 23.4462760667064 100.175077523544 -1.48186431244511 2.16662
DRILLPOS GUIDE { 0 0 0 0 0} 240.66816 28.537728 22.775276 97.663774 22.7821032292004 97.693050175168 22.7885336899284 97.72062494806 -1.41933938026323 2.16662
DRILLPOS ALIGNMENT { 0 0 0 0 0} 240.25456 27.60321 -56.777705 -105.6206 -56.7956779100557 -105.654034066133 -56.8088496908525 -105.678536842193 -1.92473491030396 2.16662
DRILLPOS GUIDE { 0 0 0 0 0} 240.25738 27.614597 -56.22637 -103.14116 -56.244073536251 -103.173635211632 -56.2574588932108 -103.198189193044 -1.85931268502553 2.16662
DRILLPOS ALIGNMENT { 0 0 0 0 0} 241.12153 27.528323 110.53207 -121.78853 110.568826974381 -121.829030262748 110.583113892334 -121.844772144139 -3.20228606370062 2.16662
DRILLPOS GUIDE { 0 0 0 0 0} 241.12281 27.539927 110.76596 -119.25932 110.802770064576 -119.298952602566 110.81749435908 -119.314805932867 -3.15129728169553 2.16662
DRILLPOS OBJECT { 0 0 0 0 0} 239.62699 26.853062 -179.43871 -268.90599 -179.51418438798 -269.01909555576 -179.494335275848 -268.989349771539 -7.77117933914284 2.16662
DRILLPOS OBJECT { 0 0 0 0 0} 240.19863 27.018432 -67.991044 -233.08471 -68.0140542867333 -233.163593124816 -68.0128349381886 -233.159412993358 -5.60561012539741 2.16662
DRILLPOS OBJECT { 0 0 0 0 0} 239.63097 27.168634 -177.95146 -199.84092 -178.013586459211 -199.910688513083 -178.003958023801 -199.899875702722 -6.35354249596561 2.16662
DRILLPOS OBJECT { 0 0 0 0 0} 239.70255 27.467434 -163.55829 -134.77535 -163.612978707288 -134.820414604587 -163.618654978393 -134.825091967164 -4.65247858475753 2.16662
DRILLPOS OBJECT { 0 0 0 0 0} 240.54309 26.823089 -1.1467187 -275.83181 -1.14712568884413 -275.929707129895 -1.14705141888873 -275.911842228743 -6.59335243190551 2.16662
DRILLPOS OBJECT { 0 0 0 0 0} 240.6027 26.945891 10.430851 -248.99729 10.4344013830782 -249.082042026938 10.4341107749271 -249.075104851623 -5.80188678738056 2.16662
DRILLPOS OBJECT { 0 0 0 0 0} 240.27568 27.101718 -52.991026 -214.94831 -53.0087736529234 -215.020300076251 -53.0097155975364 -215.024120900605 -4.94484083601703 2.16662
DRILLPOS OBJECT { 0 0 0 0 0} 240.28041 27.143925 -52.051083 -205.74541 -52.0684878152616 -205.81420704793 -52.0702662826809 -205.821236901821 -4.66157449961529 2.16662
DRILLPOS OBJECT { 0 0 0 0 0} 240.68503 26.766756 26.475458 -288.15616 26.4851880618636 -288.262060991898 26.4830531580555 -288.238824918577 -6.9706101240456 2.16662
DRILLPOS OBJECT { 0 0 0 0 0} 240.93715 26.99591 75.346836 -237.9876 75.3724928252132 -238.068638655108 75.3703462919859 -238.061858698335 -5.8145195468797 2.16662
DRILLPOS OBJECT { 0 0 0 0 0} 240.89652 27.168111 67.336899 -200.44312 67.359413134089 -200.510138281921 67.3618093906244 -200.517271267601 -4.63758118594602 2.16662
DRILLPOS OBJECT { 0 0 0 0 0} 240.93782 27.388901 75.165254 -152.28777 75.190292721098 -152.338499436764 75.1991491484311 -152.356442907942 -3.36327019968595 2.16662
DRILLPOS OBJECT { 0 0 0 0 0} 241.54562 27.483153 192.57811 -131.16523 192.642880838967 -131.209345512352 192.64248091246 -131.209073121828 -5.30406464135123 2.16662
DRILLPOS OBJECT { 0 0 0 0 0} 241.39239 27.573041 162.79784 -111.78089 162.852228403909 -111.818234378738 162.862300484948 -111.825150110437 -4.20650032997991 2.16662
DRILLPOS OBJECT { 0 0 0 0 0} 242.02769 28.183396 284.03888 22.314599 284.141959835671 22.3226971350087 284.120474140039 22.3210091805912 -6.84906515424579 2.16662
DRILLPOS OBJECT { 0 0 0 0 0} 241.32398 28.314925 148.51843 49.676696 148.567638140271 49.6931552220977 148.589376279036 49.7004262315678 -2.96816497902276 2.16662
DRILLPOS OBJECT { 0 0 0 0 0} 240.99573 27.982076 85.816981 -23.081751 85.8415412677671 -23.0883568486151 85.8684403558818 -23.0955917576827 -1.15037050986513 2.16662
DRILLPOS OBJECT { 0 0 0 0 0} 240.91811 28.240585 70.727566 33.101467 70.7466899046545 33.1104172486037 70.7710375031891 33.1218122572969 -0.917080195685731 2.16662
DRILLPOS OBJECT { 0 0 0 0 0} 241.16293 28.333979 117.60124 53.634383 117.639116140235 53.6516571665982 117.663721651177 53.6628789989343 -2.18041151791174 2.16662
DRILLPOS OBJECT { 0 0 0 0 0} 240.71205 28.460685 31.181805 80.899096 31.1906375872319 80.9220115535545 31.2006007940299 80.9478604235355 -1.10177106464407 2.16662
DRILLPOS OBJECT { 0 0 0 0 0} 240.60529 27.535878 10.863162 -120.34282 10.8666073126197 -120.380987398814 10.8691027965457 -120.40863253316 -1.94948063400712 2.16662
DRILLPOS OBJECT { 0 0 0 0 0} 240.5911 27.577323 8.1211106 -111.31316 8.12363114978474 -111.347708274897 8.12568458322034 -111.375853952973 -1.70505626449798 2.16662
DRILLPOS OBJECT { 0 0 0 0 0} 240.38972 27.780038 -30.648591 -67.155758 -30.6566590354307 -67.1734363015871 -30.6675969877569 -67.1974030307406 -0.83078504229852 2.16662
DRILLPOS OBJECT { 0 0 0 0 0} 240.57479 28.225735 4.9414925 29.755749 4.94226186765847 29.7603818332855 4.94475304777112 29.7753827525717 -0.192375645782603 2.16662
DRILLPOS OBJECT { 0 0 0 0 0} 240.11232 27.38781 -84.417511 -152.49374 -84.4456607104339 -152.544590286548 -84.4548141835673 -152.561125331653 -3.49836936615991 2.16662
DRILLPOS OBJECT { 0 0 0 0 0} 240.28987 27.386559 -50.08832 -152.84718 -50.1049516143351 -152.89793225821 -50.1118182414369 -152.918886137051 -3.09406568171862 2.16662
DRILLPOS OBJECT { 0 0 0 0 0} 240.37577 27.644214 -33.384668 -96.724061 -33.3947459582601 -96.7532594646817 -33.4039914617678 -96.7800460915623 -1.4694893157301 2.16662
DRILLPOS OBJECT { 0 0 0 0 0} 239.82738 27.870881 -138.8499 -47.039091 -138.895576329285 -47.0545650695513 -138.919006304937 -47.0625025960228 -2.67450560160804 2.16662
DRILLPOS OBJECT { 0 0 0 0 0} 239.47326 27.594238 -207.65145 -106.82428 -207.721308625313 -106.860218094104 -207.720700274603 -106.859905133965 -5.31993576230164 2.16662
DRILLPOS OBJECT { 0 0 0 0 0} 239.63092 27.740841 -176.93168 -75.119499 -176.990780958098 -75.1445913653851 -177.003541433184 -75.1500090525706 -4.04481471219733 2.16662
DRILLPOS OBJECT { 0 0 0 0 0} 239.20707 27.898452 -258.36919 -40.058957 -258.458485621683 -40.0728018762768 -258.446673011527 -40.0709703852918 -6.17163788655122 2.16662
DRILLPOS OBJECT { 0 0 0 0 0} 239.34551 28.300955 -230.79686 47.346539 -230.874592421658 47.362485322379 -230.873123190042 47.3621839186596 -5.38426210298169 2.16662
DRILLPOS OBJECT { 0 0 0 0 0} 239.26828 28.800624 -244.60475 156.43876 -244.694909496859 156.496422166785 -244.674923561963 156.483640015692 -6.99701727478959 2.16662
DRILLPOS OBJECT { 0 0 0 0 0} 239.42287 28.547926 -215.46405 101.00208 -215.536721015503 101.036145653744 -215.534521431761 101.035114565109 -5.45695251016859 2.16662
DRILLPOS OBJECT { 0 0 0 0 0} 238.92877 28.47289 -310.65068 85.853148 -310.780705288475 85.8890825111854 -310.746546184546 85.8796421114246 -7.75184876408571 2.16662
DRILLPOS OBJECT { 0 0 0 0 0} 239.7303 28.401142 -156.78761 68.521468 -156.839855544514 68.5443010631903 -156.857905806887 68.5521896359898 -3.40184551528329 2.16662
DRILLPOS OBJECT { 0 0 0 0 0} 240.38992 28.841046 -30.33695 163.77996 -30.3470458792724 163.834464579511 -30.3508307031741 163.854897691845 -3.26517525683629 2.16662
DRILLPOS OBJECT { 0 0 0 0 0} 240.27826 28.705917 -51.686698 134.36999 -51.7036596297536 134.41408517552 -51.7126917737644 134.437566054496 -2.59815063059474 2.16662
DRILLPOS OBJECT { 0 0 0 0 0} 240.3418 28.621957 -39.578659 116.04335 -39.591256426486 116.080285247625 -39.6001755806698 116.106435919648 -1.99758060210806 2.16662
DRILLPOS OBJECT { 0 0 0 0 0} 240.53053 28.314913 -3.5348609 49.152041 -3.5356074698052 49.1624220109401 -3.53714547805844 49.1838079287626 -0.412983731233866 2.16662
DRILLPOS OBJECT { 0 0 0 0 0} 240.80176 28.851774 48.201631 166.15218 48.2176999756868 166.207570145216 48.2230572626872 166.226036842204 -3.45910875640419 2.16662
DRILLPOS OBJECT { 0 0 0 0 0} 240.9146 28.651103 69.832363 122.47785 69.8552092440979 122.517919657355 69.8678911295712 122.540162210807 -2.51224928274809 2.16662
DRILLPOS OBJECT { 0 0 0 0 0} 240.8758 28.646603 62.421155 121.47182 62.4414709503295 121.511354921479 62.4534483058874 121.534662903819 -2.38612673190115 2.16662
DRILLPOS OBJECT { 0 0 0 0 0} 240.98867 28.577346 84.03407 106.46408 84.0613871911236 106.498688577463 84.0776967160766 106.519351370178 -2.3595022503299 2.16662
DRILLPOS OBJECT { 0 0 0 0 0} 241.4828 28.568394 178.59736 105.11114 178.657052181944 105.146271052851 178.664798710275 105.150830170768 -4.50721675567352 2.16662
DRILLPOS OBJECT { 0 0 0 0 0} 241.49824 28.548321 181.58529 100.76268 181.645982707982 100.796358718759 181.653711530409 100.800647484997 -4.52068834158582 2.16662
DRILLPOS OBJECT { 0 0 0 0 0} 241.00285 28.535355 86.773834 97.329037 86.8018317750733 97.3604404353493 86.8197504809861 97.3805387796356 -2.2121643989094 2.16662
DRILLPOS OBJECT { 0 0 0 0 0} 242.00992 28.444556 279.96868 79.200262 280.072063287735 79.2295080695069 280.049005599084 79.2229852863788 -7.01314986964929 2.16662
DRILLPOS OBJECT { 0 0 0 0 0} 240.80423 29.52892 48.439352 314.12755 48.4591956945366 314.256235684064 48.4540218063325 314.222683195056 -7.66086465013571 2.16662
DRILLPOS OBJECT { 0 0 0 0 0} 241.03017 29.483138 91.359119 304.27112 91.3965190294674 304.395680623818 91.3867708896338 304.363214489538 -7.65771763429691 2.16662
DRILLPOS OBJECT { 0 0 0 0 0} 240.73476 28.955493 35.394905 188.73954 35.4067279767986 188.802584757498 35.4092937995171 188.816266732337 -4.03903725988044 2.16662
DRILLPOS OBJECT { 0 0 0 0 0} 241.58585 28.919012 197.74313 181.71945 197.812288042381 181.783003972391 197.801332829932 181.772936491509 -6.38212421412674 2.16662
DRILLPOS OBJECT { 0 0 0 0 0} 240.71553 29.347386 31.633368 274.26327 31.644601339136 274.360663749678 31.6425427727454 274.342815850909 -6.60044381604576 2.16662
DRILLPOS OBJECT { 0 0 0 0 0} 240.66925 29.298017 22.849999 263.4564 22.8579334873849 263.547883219858 22.8567942561564 263.534748087631 -6.26065605294821 2.16662
DRILLPOS OBJECT { 0 0 0 0 0} 240.66385 29.178656 21.843905 237.39316 21.8512744840054 237.473249393156 21.8510361804771 237.470659580226 -5.470297128036 2.16662
DRILLPOS OBJECT { 0 0 0 0 0} 240.64173 29.044385 17.656221 208.10054 17.6621229188657 208.170101459555 17.6628358138377 208.178503814092 -4.55712366506559 2.16662
DRILLPOS OBJECT { 0 0 0 0 0} 239.62356 29.262324 -176.05201 256.56902 -176.12200581411 256.671028249894 -176.104119240494 256.644961290113 -7.51486001083879 2.16662
DRILLPOS OBJECT { 0 0 0 0 0} 240.21312 29.165204 -63.889967 234.55332 -63.9115944686187 234.632718922959 -63.9104184552528 234.628401533981 -5.61482317829538 2.16662
DRILLPOS OBJECT { 0 0 0 0 0} 239.38535 29.07671 -221.75581 216.4817 -221.843508085944 216.567312326152 -221.821210586588 216.545545137431 -7.48610757739886 2.16662
DRILLPOS OBJECT { 0 0 0 0 0} 240.19622 28.811178 -67.29861 157.363 -67.3210358118538 157.415437829411 -67.3287775257007 157.433540124779 -3.40313890685601 2.16662
DRILLPOS QUALITY { 0 0 0 0 0} 240.549 28.088888 0 0 0 0 0 0 -0.056607 3.175

