plateId            402
raCen            27.90636
decCen            0.001838769
theta            0

typedef enum {
  OBJECT,
  COHERENT_SKY,
  GUIDE,
  LIGHT_TRAP,
  ALIGNMENT,
  QUALITY
} HOLETYPE;

typedef struct {
HOLETYPE holeType;
int objId[5];
double ra;
double dec;
float xFocal;
float yFocal;
float xFlat;
float yFlat;
float holeDiam;
} DRILLPOS;

DRILLPOS LIGHT_TRAP { 0 0 0 0 0} 26.8403 0.812218 -232.323 176.609 -232.399 176.667 3.175
DRILLPOS LIGHT_TRAP { 0 0 0 0 0} 27.2514 1.33153 -142.83 290 -142.88 290.102 3.175
DRILLPOS LIGHT_TRAP { 0 0 0 0 0} 27.0711 0.452161 -181.878 98.0547 -181.955 98.096 3.175
DRILLPOS LIGHT_TRAP { 0 0 0 0 0} 26.8995 0.155237 -219.27 33.4077 -219.356 33.4208 3.175
DRILLPOS LIGHT_TRAP { 0 0 0 0 0} 28.1576 1.25725 54.7346 273.516 54.7528 273.606 3.175
DRILLPOS LIGHT_TRAP { 0 0 0 0 0} 28.2758 -1.32695 80.5171 -289.617 80.5438 -289.713 3.175
DRILLPOS QUALITY { -1 402 1 0 0} 0 0 300 0 300.099 -1.31178e-05 2.16662
DRILLPOS QUALITY { -1 402 2 0 0} 0 0 -300 0 -300.099 -1.31178e-05 2.16662
DRILLPOS QUALITY { -1 402 3 0 0} 0 0 150 259.808 150.05 259.894 2.16662
DRILLPOS QUALITY { -1 402 4 0 0} 0 0 -150 259.808 -150.05 259.894 2.16662
DRILLPOS QUALITY { -1 402 5 0 0} 0 0 -150 -259.808 -150.05 -259.894 2.16662
DRILLPOS QUALITY { -1 402 6 0 0} 0 0 150 -259.808 150.05 -259.894 2.16662
DRILLPOS QUALITY { -1 402 0 0 0} 0 0 0 0 0 0 2.16662
DRILLPOS GUIDE { 94 4 6 352 8} 27.4871518606 1.15733429092 -91.3166 251.713 -91.3474 251.798 2.16662
DRILLPOS ALIGNMENT { 94 4 6 352 8} 0 0 -91.0867 254.242 -91.1173 254.328 2.16662
DRILLPOS GUIDE { 125 4 6 267 18} 28.8404248524 0.889577464749 203.516 193.423 203.583 193.487 2.16662
DRILLPOS ALIGNMENT { 125 4 6 267 18} 0 0 204.862 195.577 204.929 195.641 2.16662
DRILLPOS GUIDE { 125 4 1 259 16} 27.6599740527 -1.23974667276 -53.6744 -270.488 -53.6923 -270.578 2.16662
DRILLPOS ALIGNMENT { 125 4 1 259 16} 0 0 -53.5218 -273.024 -53.5396 -273.114 2.16662
DRILLPOS GUIDE { 125 4 5 252 29} 26.6457847211 0.455197913165 -274.726 98.807 -274.816 98.8395 2.16662
DRILLPOS ALIGNMENT { 125 4 5 252 29} 0 0 -274.077 101.263 -274.167 101.296 2.16662
DRILLPOS GUIDE { 125 4 4 261 16} 27.9045389493 0.195114502112 -0.395979 42.0171 -0.396254 42.0463 2.16662
DRILLPOS ALIGNMENT { 125 4 4 261 16} 0 0 1.26814 43.936 1.26902 43.9665 2.16662
DRILLPOS GUIDE { 94 4 4 361 12} 28.8369419672 0.355886652277 202.649 77.0935 202.731 77.1246 2.16662
DRILLPOS ALIGNMENT { 94 4 4 361 12} 0 0 203.714 79.3993 203.796 79.4311 2.16662
DRILLPOS GUIDE { 94 4 1 358 44} 28.4790142539 -0.938871580255 124.715 -204.87 124.761 -204.945 2.16662
DRILLPOS ALIGNMENT { 94 4 1 358 44} 0 0 123.572 -207.138 123.618 -207.214 2.16662
DRILLPOS GUIDE { 94 4 2 348 2} 26.8776426828 -0.542506056922 -224.077 -118.563 -224.155 -118.604 2.16662
DRILLPOS ALIGNMENT { 94 4 2 348 2} 0 0 -224.33 -121.09 -224.408 -121.132 2.16662
DRILLPOS GUIDE { 94 4 2 359 4} 28.5249608352 -0.493043356054 134.667 -107.727 134.732 -107.779 2.16662
DRILLPOS ALIGNMENT { 94 4 2 359 4} 0 0 134.195 -110.222 134.26 -110.276 2.16662
DRILLPOS GUIDE { 94 4 2 360 16} 28.7464281623 -0.498981513242 182.932 -109.053 183.007 -109.097 2.16662
DRILLPOS ALIGNMENT { 94 4 2 360 16} 0 0 182.487 -111.553 182.561 -111.599 2.16662
DRILLPOS GUIDE { 125 4 3 258 27} 27.50420513 -0.384684775006 -87.5036 -84.0935 -87.5551 -84.143 2.16662
DRILLPOS ALIGNMENT { 125 4 3 258 27} 0 0 -88.4377 -86.4555 -88.4894 -86.506 2.16662
DRILLPOS OBJECT { 125 4 2 254 185} 26.9572124932 -0.72715846934 -206.754 -158.793 -206.825 -158.847 2.16662
DRILLPOS OBJECT { 125 4 2 254 50} 26.8674158539 -0.75089726535 -226.368 -164.004 -226.443 -164.058 2.16662
DRILLPOS OBJECT { 125 4 2 253 175} 26.7414630496 -0.79999867505 -253.955 -174.804 -254.04 -174.863 2.16662
DRILLPOS OBJECT { 125 4 2 256 142} 27.1793324692 -0.801580566441 -158.334 -174.964 -158.393 -175.029 2.16662
DRILLPOS OBJECT { 125 4 2 255 49} 27.0930353687 -0.804332763215 -177.147 -175.583 -177.21 -175.645 2.16662
DRILLPOS OBJECT { 125 4 2 255 111} 27.007953014 -0.819263503646 -195.708 -178.864 -195.775 -178.924 2.16662
DRILLPOS OBJECT { 94 4 1 347 52} 26.7534335667 -0.82707880413 -251.352 -180.714 -251.437 -180.775 2.16662
DRILLPOS OBJECT { 94 4 1 349 52} 27.0533379287 -0.852455057166 -185.816 -186.089 -185.879 -186.152 2.16662
DRILLPOS OBJECT { 94 4 1 347 100} 26.8142713474 -0.86492807631 -238.054 -188.938 -238.133 -189.001 2.16662
DRILLPOS OBJECT { 94 4 1 348 361} 26.9579528098 -0.877904926684 -206.645 -191.682 -206.713 -191.745 2.16662
DRILLPOS OBJECT { 94 4 1 348 784} 27.0164031419 -0.906565976519 -193.894 -197.912 -193.958 -197.977 2.16662
DRILLPOS OBJECT { 94 4 1 347 81} 26.8454388519 -0.916601887638 -231.269 -200.211 -231.346 -200.278 2.16662
DRILLPOS OBJECT { 94 4 1 350 62} 27.2236643875 -0.922052978171 -148.693 -201.222 -148.745 -201.293 2.16662
DRILLPOS OBJECT { 94 4 1 349 93} 27.1434171182 -0.975883388417 -166.204 -212.992 -166.26 -213.064 2.16662
DRILLPOS OBJECT { 94 4 1 348 183} 27.005717176 -0.977499706667 -196.261 -213.411 -196.325 -213.481 2.16662
DRILLPOS OBJECT { 125 4 1 254 78} 26.9087887906 -1.05073097062 -217.513 -229.512 -217.587 -229.59 2.16662
DRILLPOS OBJECT { 125 4 1 255 54} 26.986433565 -1.07442129792 -200.541 -234.628 -200.608 -234.707 2.16662
DRILLPOS OBJECT { 125 4 1 256 163} 27.2264312115 -1.14439895449 -148.16 -249.779 -148.209 -249.861 2.16662
DRILLPOS OBJECT { 125 4 1 256 113} 27.1363976873 -1.15307392994 -167.821 -251.734 -167.877 -251.818 2.16662
DRILLPOS OBJECT { 125 4 1 255 59} 27.066630997 -1.17447720942 -183.086 -256.483 -183.148 -256.571 2.16662
DRILLPOS OBJECT { 125 4 2 258 131} 27.5294024953 -0.740098445621 -82.0647 -161.512 -82.1034 -161.588 2.16662
DRILLPOS OBJECT { 125 4 2 257 77} 27.3389669966 -0.76502613439 -123.546 -166.971 -123.598 -167.041 2.16662
DRILLPOS OBJECT { 125 4 2 257 17} 27.3161129024 -0.780345868614 -128.527 -170.313 -128.579 -170.382 2.16662
DRILLPOS OBJECT { 125 4 2 257 46} 27.4219178018 -0.799441772309 -105.481 -174.459 -105.526 -174.534 2.16662
DRILLPOS OBJECT { 94 4 1 352 98} 27.5298289904 -0.853954210558 -81.9833 -186.327 -82.0184 -186.407 2.16662
DRILLPOS OBJECT { 94 4 1 351 84} 27.4702278572 -0.868215579434 -94.9655 -189.443 -95.0046 -189.521 2.16662
DRILLPOS OBJECT { 94 4 1 350 155} 27.2909255318 -0.888254956616 -134.029 -193.838 -134.079 -193.91 2.16662
DRILLPOS OBJECT { 94 4 1 351 44} 27.3272180726 -0.947988379064 -126.13 -206.856 -126.175 -206.932 2.16662
DRILLPOS OBJECT { 94 4 1 351 952} 27.3754703005 -0.957808761686 -115.618 -208.989 -115.66 -209.066 2.16662
DRILLPOS OBJECT { 94 4 1 351 6} 27.3355823775 -1.01078480572 -124.318 -220.553 -124.361 -220.63 2.16662
DRILLPOS OBJECT { 94 4 1 351 334} 27.3724802099 -1.02590836431 -116.28 -223.844 -116.321 -223.923 2.16662
DRILLPOS OBJECT { 125 4 1 258 139} 27.5187111923 -1.05023744114 -84.4241 -229.126 -84.4547 -229.209 2.16662
DRILLPOS OBJECT { 125 4 1 257 95} 27.3139667101 -1.05338217481 -129.038 -229.855 -129.082 -229.933 2.16662
DRILLPOS OBJECT { 125 4 1 258 7} 27.4623412903 -1.05397019989 -96.7049 -229.95 -96.7392 -230.031 2.16662
DRILLPOS OBJECT { 125 4 1 257 170} 27.358606753 -1.09840306892 -119.319 -239.673 -119.359 -239.754 2.16662
DRILLPOS OBJECT { 125 4 1 257 89} 27.2823392825 -1.17514982206 -135.976 -256.479 -136.021 -256.563 2.16662
DRILLPOS OBJECT { 125 4 1 257 134} 27.3184757342 -1.17613381638 -128.094 -256.677 -128.136 -256.762 2.16662
DRILLPOS OBJECT { 125 4 1 258 136} 27.5103578487 -1.18299261238 -86.2653 -258.112 -86.2942 -258.199 2.16662
DRILLPOS OBJECT { 125 4 1 258 51} 27.4879807038 -1.1920032706 -91.1441 -260.087 -91.1744 -260.174 2.16662
DRILLPOS OBJECT { 125 4 1 256 189} 27.2719924762 -1.23470246951 -138.265 -269.527 -138.311 -269.617 2.16662
DRILLPOS OBJECT { 125 4 2 259 207} 27.7149487209 -0.711460540128 -41.6637 -155.251 -41.685 -155.331 2.16662
DRILLPOS OBJECT { 125 4 2 259 43} 27.6656194984 -0.714863246495 -52.4028 -155.997 -52.4292 -156.076 2.16662
DRILLPOS OBJECT { 125 4 2 260 182} 27.8039274167 -0.733162112965 -22.296 -159.976 -22.3074 -160.057 2.16662
DRILLPOS OBJECT { 94 4 1 353 900} 27.6672846575 -0.883128129579 -52.0529 -192.673 -52.0755 -192.757 2.16662
DRILLPOS OBJECT { 94 4 1 352 102} 27.5638157574 -0.887691463906 -74.5847 -193.678 -74.616 -193.759 2.16662
DRILLPOS OBJECT { 94 4 1 352 182} 27.5348763219 -0.888845825308 -80.8873 -193.932 -80.9209 -194.013 2.16662
DRILLPOS OBJECT { 94 4 1 353 89} 27.7068231625 -0.913137340913 -43.4452 -199.213 -43.4637 -199.298 2.16662
DRILLPOS OBJECT { 94 4 1 354 105} 27.7792399111 -0.943534674369 -27.6783 -205.836 -27.6899 -205.922 2.16662
DRILLPOS OBJECT { 94 4 1 353 111} 27.6270935745 -0.953355641698 -60.8095 -207.987 -60.834 -208.071 2.16662
DRILLPOS OBJECT { 94 4 1 353 193} 27.7438956629 -0.956473512181 -35.3748 -208.659 -35.3894 -208.745 2.16662
DRILLPOS OBJECT { 94 4 1 353 88} 27.7038074272 -0.959043575191 -44.1043 -209.221 -44.1223 -209.307 2.16662
DRILLPOS OBJECT { 94 4 1 353 145} 27.6799360484 -0.989907058251 -49.3043 -215.952 -49.3238 -216.037 2.16662
DRILLPOS OBJECT { 94 4 1 354 225} 27.8015248506 -0.99564323992 -22.8273 -217.197 -22.8365 -217.284 2.16662
DRILLPOS OBJECT { 94 4 1 353 94} 27.7458564864 -1.02336787244 -34.9506 -223.245 -34.9642 -223.331 2.16662
DRILLPOS OBJECT { 94 4 1 354 115} 27.7946527816 -1.02804472086 -24.3247 -224.262 -24.3341 -224.349 2.16662
DRILLPOS OBJECT { 94 4 1 353 139} 27.6777671703 -1.03157510942 -49.7791 -225.039 -49.798 -225.124 2.16662
DRILLPOS OBJECT { 125 4 1 259 107} 27.7241082371 -1.04019137033 -39.6875 -226.915 -39.7026 -227.001 2.16662
DRILLPOS OBJECT { 125 4 1 260 80} 27.8057802869 -1.06069405622 -21.9024 -231.383 -21.9107 -231.47 2.16662
DRILLPOS OBJECT { 125 4 1 259 99} 27.6658341735 -1.13947235895 -52.3861 -248.581 -52.4044 -248.668 2.16662
DRILLPOS OBJECT { 125 4 1 260 159} 27.7626195908 -1.1781268003 -31.3074 -257.012 -31.3182 -257.1 2.16662
DRILLPOS OBJECT { 125 4 2 260 204} 27.818876427 -0.720682357596 -19.0416 -157.255 -19.0514 -157.336 2.16662
DRILLPOS OBJECT { 125 4 2 261 189} 27.9928951233 -0.775776084225 18.8376 -169.264 18.8469 -169.347 2.16662
DRILLPOS OBJECT { 94 4 1 356 114} 28.1346270168 -0.825724857406 49.6964 -180.161 49.7192 -180.243 2.16662
DRILLPOS OBJECT { 94 4 1 354 181} 27.8423875081 -0.923227449574 -13.9282 -201.407 -13.9342 -201.493 2.16662
DRILLPOS OBJECT { 94 4 1 355 79} 27.9866643961 -0.950066592133 17.4857 -207.259 17.493 -207.346 2.16662
DRILLPOS OBJECT { 94 4 1 356 21} 28.1377431877 -0.96231232815 50.3835 -209.937 50.4039 -210.022 2.16662
DRILLPOS OBJECT { 94 4 1 356 169} 28.1341551723 -0.983860036492 49.6035 -214.635 49.6232 -214.72 2.16662
DRILLPOS OBJECT { 94 4 1 354 251} 27.8371703888 -0.994552067978 -15.0654 -216.958 -15.0715 -217.045 2.16662
DRILLPOS OBJECT { 94 4 1 356 161} 28.1204374986 -1.02178067742 46.6184 -222.903 46.6363 -222.988 2.16662
DRILLPOS OBJECT { 94 4 1 355 170} 28.037116578 -1.02738130652 28.4739 -224.119 28.4849 -224.206 2.16662
DRILLPOS OBJECT { 125 4 1 261 988} 27.9541881705 -1.06340192722 10.4159 -231.972 10.4198 -232.06 2.16662
DRILLPOS OBJECT { 125 4 1 262 170} 28.0946714181 -1.07520711462 41.0101 -234.554 41.0252 -234.64 2.16662
DRILLPOS OBJECT { 125 4 1 261 94} 27.8798323434 -1.07856671177 -5.77641 -235.28 -5.77856 -235.367 2.16662
DRILLPOS OBJECT { 125 4 1 261 70} 27.9231245441 -1.10508311317 3.65151 -241.064 3.65287 -241.152 2.16662
DRILLPOS OBJECT { 125 4 1 262 17} 28.1012021797 -1.1417444174 42.4368 -249.073 42.4516 -249.161 2.16662
DRILLPOS OBJECT { 125 4 1 260 207} 27.853154294 -1.14807611043 -11.5873 -250.447 -11.5913 -250.535 2.16662
DRILLPOS OBJECT { 125 4 1 261 74} 27.9891188607 -1.17703550184 18.026 -256.771 18.0322 -256.859 2.16662
DRILLPOS OBJECT { 125 4 1 260 126} 27.8690543361 -1.17732268429 -8.12475 -256.832 -8.12757 -256.921 2.16662
DRILLPOS OBJECT { 125 4 1 261 224} 27.8808771034 -1.21132865485 -5.55005 -264.259 -5.55197 -264.349 2.16662
DRILLPOS OBJECT { 125 4 1 261 370} 27.9353594997 -1.23254120726 6.31763 -268.894 6.31977 -268.985 2.16662
DRILLPOS OBJECT { 125 4 2 263 88} 28.314998687 -0.778599387758 88.9689 -169.909 89.0089 -169.985 2.16662
DRILLPOS OBJECT { 125 4 2 263 59} 28.2277454529 -0.819704542562 69.9719 -178.857 70.0033 -178.938 2.16662
DRILLPOS OBJECT { 94 4 1 357 99} 28.3215031257 -0.833804278729 90.3913 -181.942 90.43 -182.019 2.16662
DRILLPOS OBJECT { 94 4 1 357 73} 28.3039630181 -0.8439800305 86.5723 -184.157 86.6092 -184.236 2.16662
DRILLPOS OBJECT { 94 4 1 357 52} 28.2244458653 -0.895966724152 69.2598 -195.48 69.2889 -195.563 2.16662
DRILLPOS OBJECT { 94 4 1 356 94} 28.2118194652 -0.905430581805 66.5109 -197.542 66.5387 -197.625 2.16662
DRILLPOS OBJECT { 94 4 1 356 173} 28.1385555959 -0.928345064706 50.5584 -202.531 50.5795 -202.616 2.16662
DRILLPOS OBJECT { 94 4 1 357 168} 28.3099399649 -0.941122784189 87.8835 -205.334 87.918 -205.415 2.16662
DRILLPOS OBJECT { 94 4 1 357 437} 28.3235294633 -0.988377403327 90.8485 -215.64 90.8826 -215.721 2.16662
DRILLPOS OBJECT { 94 4 1 356 85} 28.2051423049 -1.0016930131 65.0642 -218.529 65.0892 -218.613 2.16662
DRILLPOS OBJECT { 94 4 1 356 92} 28.2095515683 -1.01678793915 66.0257 -221.822 66.0508 -221.906 2.16662
DRILLPOS OBJECT { 125 4 1 263 905} 28.2635664526 -1.03754119262 77.7925 -226.354 77.8211 -226.438 2.16662
DRILLPOS OBJECT { 125 4 1 263 51} 28.2703963675 -1.07527931452 79.2845 -234.588 79.3128 -234.672 2.16662
DRILLPOS OBJECT { 125 4 1 263 175} 28.309582046 -1.09735343017 87.8242 -239.412 87.8548 -239.495 2.16662
DRILLPOS OBJECT { 125 4 1 263 85} 28.2563122326 -1.1448525979 76.2257 -249.772 76.2518 -249.858 2.16662
DRILLPOS OBJECT { 125 4 1 263 167} 28.2961163968 -1.17776647339 84.9044 -256.97 84.9328 -257.057 2.16662
DRILLPOS OBJECT { 125 4 1 263 81} 28.2800841465 -1.19489504774 81.4143 -260.71 81.4415 -260.797 2.16662
DRILLPOS OBJECT { 125 4 1 263 185} 28.3190939564 -1.20605488234 89.9183 -263.16 89.9482 -263.247 2.16662
DRILLPOS OBJECT { 125 4 1 263 70} 28.1981931568 -1.21659494767 63.5743 -265.436 63.5956 -265.524 2.16662
DRILLPOS OBJECT { 125 4 1 262 531} 28.1476947196 -1.22066073208 52.5725 -266.316 52.5901 -266.405 2.16662
DRILLPOS OBJECT { 125 4 2 265 7} 28.5021260813 -0.752741495306 129.726 -164.301 129.78 -164.369 2.16662
DRILLPOS OBJECT { 125 4 2 264 167} 28.3568021846 -0.795328234963 98.0752 -173.56 98.1179 -173.636 2.16662
DRILLPOS OBJECT { 125 4 2 264 221} 28.4454639114 -0.817151432837 117.39 -178.329 117.438 -178.402 2.16662
DRILLPOS OBJECT { 94 4 1 358 191} 28.4796942941 -0.838239951127 124.85 -182.931 124.899 -183.003 2.16662
DRILLPOS OBJECT { 94 4 1 358 123} 28.4519710262 -0.900986619688 118.818 -196.604 118.863 -196.679 2.16662
DRILLPOS OBJECT { 94 4 1 357 102} 28.3529504232 -0.904647918369 97.248 -197.388 97.2867 -197.466 2.16662
DRILLPOS OBJECT { 94 4 1 358 724} 28.4149700888 -0.921429202049 110.76 -201.055 110.802 -201.132 2.16662
DRILLPOS OBJECT { 94 4 1 357 81} 28.3315496154 -0.929447720627 92.5892 -202.792 92.6255 -202.871 2.16662
DRILLPOS OBJECT { 94 4 1 357 176} 28.3308376752 -0.963291460224 92.4377 -210.171 92.473 -210.251 2.16662
DRILLPOS OBJECT { 94 4 1 358 115} 28.3945608888 -0.966470673814 106.319 -210.873 106.359 -210.952 2.16662
DRILLPOS OBJECT { 94 4 1 358 82} 28.4310273137 -0.971802685789 114.265 -212.042 114.306 -212.12 2.16662
DRILLPOS OBJECT { 94 4 1 358 92} 28.4501988598 -0.991482554963 118.445 -216.338 118.487 -216.416 2.16662
DRILLPOS OBJECT { 125 4 1 264 144} 28.393814353 -1.04028404907 106.167 -226.974 106.205 -227.054 2.16662
DRILLPOS OBJECT { 125 4 1 264 430} 28.3622240921 -1.0705663653 99.2893 -233.576 99.324 -233.657 2.16662
DRILLPOS OBJECT { 125 4 1 264 42} 28.3746860047 -1.09538860402 102.009 -238.996 102.044 -239.079 2.16662
DRILLPOS OBJECT { 125 4 1 264 227} 28.4271368513 -1.11501571291 113.444 -243.296 113.482 -243.378 2.16662
DRILLPOS OBJECT { 125 4 1 264 120} 28.357037756 -1.16001017754 98.1768 -253.106 98.2097 -253.191 2.16662
DRILLPOS OBJECT { 125 4 1 264 218} 28.4209497287 -1.16248888523 112.108 -253.667 112.146 -253.751 2.16662
DRILLPOS OBJECT { 125 4 1 264 197} 28.3989824405 -1.17147709425 107.322 -255.624 107.358 -255.709 2.16662
DRILLPOS OBJECT { 125 4 1 264 134} 28.4491125045 -1.2165397378 118.268 -265.501 118.307 -265.589 2.16662
DRILLPOS OBJECT { 125 4 2 265 139} 28.5884782628 -0.725438148144 148.537 -158.365 148.597 -158.428 2.16662
DRILLPOS OBJECT { 125 4 2 265 204} 28.533447214 -0.742506484878 136.549 -162.075 136.605 -162.142 2.16662
DRILLPOS OBJECT { 125 4 2 267 465} 28.8416537215 -0.773769715101 203.745 -168.957 203.814 -169.015 2.16662
DRILLPOS OBJECT { 94 4 1 359 6} 28.5433083403 -0.869552747096 138.714 -189.768 138.766 -189.838 2.16662
DRILLPOS OBJECT { 94 4 1 359 66} 28.592895792 -0.885720105121 149.524 -193.303 149.578 -193.372 2.16662
DRILLPOS OBJECT { 94 4 1 359 64} 28.5662211194 -0.900403499509 143.713 -196.499 143.765 -196.57 2.16662
DRILLPOS OBJECT { 94 4 1 359 171} 28.6361629427 -0.931547211925 158.965 -203.309 159.02 -203.379 2.16662
DRILLPOS OBJECT { 94 4 1 360 42} 28.6903374504 -0.984028971804 170.796 -214.782 170.853 -214.854 2.16662
DRILLPOS OBJECT { 94 4 1 359 12} 28.5688286805 -0.992925446526 144.3 -216.682 144.35 -216.756 2.16662
DRILLPOS OBJECT { 94 4 1 359 787} 28.6093169125 -1.00954358272 153.133 -220.322 153.184 -220.396 2.16662
DRILLPOS OBJECT { 94 4 1 358 130} 28.5033437195 -1.01476985654 130.031 -221.431 130.076 -221.508 2.16662
DRILLPOS OBJECT { 125 4 1 266 343} 28.7408161099 -1.06971261412 181.857 -233.535 181.917 -233.613 2.16662
DRILLPOS OBJECT { 125 4 1 265 156} 28.6081032946 -1.08063958813 152.893 -235.851 152.943 -235.929 2.16662
DRILLPOS OBJECT { 125 4 1 266 91} 28.6429873291 -1.10308603103 160.515 -240.776 160.568 -240.855 2.16662
DRILLPOS OBJECT { 125 4 1 267 303} 28.827568432 -1.10843965133 200.851 -242.086 200.92 -242.169 2.16662
DRILLPOS OBJECT { 125 4 1 266 120} 28.7380559514 -1.13470868441 181.298 -247.762 181.358 -247.845 2.16662
DRILLPOS OBJECT { 125 4 1 267 142} 28.8521635585 -1.14943985663 206.277 -251.106 206.35 -251.195 2.16662
DRILLPOS OBJECT { 125 4 1 265 56} 28.5485658352 -1.19718907176 139.956 -261.316 140.002 -261.402 2.16662
DRILLPOS OBJECT { 125 4 1 266 68} 28.7678178705 -1.20088629455 187.865 -262.305 187.931 -262.397 2.16662
DRILLPOS OBJECT { 125 4 1 265 141} 28.5699953054 -1.21115408803 144.641 -264.388 144.689 -264.476 2.16662
DRILLPOS OBJECT { 94 4 3 345 106} 26.4749838688 -0.112429494204 -312.108 -24.9105 -312.215 -24.9189 2.16662
DRILLPOS OBJECT { 94 4 3 345 4} 26.4543619291 -0.11472473042 -316.646 -25.4142 -316.755 -25.423 2.16662
DRILLPOS OBJECT { 94 4 3 346 113} 26.6081570468 -0.11729329978 -282.892 -25.9548 -282.986 -25.9634 2.16662
DRILLPOS OBJECT { 94 4 3 346 75} 26.6379954908 -0.184346556547 -276.369 -40.563 -276.461 -40.5764 2.16662
DRILLPOS OBJECT { 125 4 3 251 158} 26.4797914876 -0.205155584685 -311.07 -45.1305 -311.176 -45.1459 2.16662
DRILLPOS OBJECT { 125 4 3 251 165} 26.5010792314 -0.251596007855 -306.402 -55.2523 -306.506 -55.2711 2.16662
DRILLPOS OBJECT { 125 4 3 252 57} 26.5714706553 -0.286261793959 -290.959 -62.7899 -291.055 -62.8106 2.16662
DRILLPOS OBJECT { 125 4 3 251 76} 26.5102752338 -0.293468870008 -304.395 -64.3816 -304.498 -64.4035 2.16662
DRILLPOS OBJECT { 125 4 3 252 774} 26.5441659885 -0.307590654113 -296.956 -67.4493 -297.055 -67.4718 2.16662
DRILLPOS OBJECT { 125 4 3 252 61} 26.587103465 -0.377031804271 -287.559 -82.5768 -287.654 -82.6041 2.16662
DRILLPOS OBJECT { 94 4 2 345 116} 26.5658456851 -0.409675010402 -292.236 -89.7055 -292.333 -89.7355 2.16662
DRILLPOS OBJECT { 94 4 2 345 442} 26.5078991954 -0.412733252234 -304.97 -90.4028 -305.075 -90.4341 2.16662
DRILLPOS OBJECT { 94 4 2 346 75} 26.6571623136 -0.425422496648 -272.226 -93.1028 -272.316 -93.1335 2.16662
DRILLPOS OBJECT { 94 4 2 346 62} 26.6400381359 -0.466159636532 -275.99 -101.993 -276.081 -102.026 2.16662
DRILLPOS OBJECT { 94 4 2 346 115} 26.6185638926 -0.473331643606 -280.699 -103.567 -280.792 -103.601 2.16662
DRILLPOS OBJECT { 94 4 2 346 71} 26.651016063 -0.481026749469 -273.591 -105.231 -273.682 -105.265 2.16662
DRILLPOS OBJECT { 94 4 2 345 113} 26.5558450119 -0.53233321442 -294.499 -116.479 -294.6 -116.519 2.16662
DRILLPOS OBJECT { 94 4 2 346 155} 26.5976180972 -0.549928940525 -285.334 -120.292 -285.43 -120.333 2.16662
DRILLPOS OBJECT { 125 4 2 252 107} 26.6253490765 -0.619154492888 -279.291 -135.387 -279.385 -135.433 2.16662
DRILLPOS OBJECT { 125 4 2 252 162} 26.5861453779 -0.64705567034 -287.923 -141.513 -288.023 -141.562 2.16662
DRILLPOS OBJECT { 94 4 3 347 68} 26.7879778639 -0.0370925190633 -243.595 -8.47539 -243.683 -8.47846 2.16662
DRILLPOS OBJECT { 94 4 3 347 164} 26.779682595 -0.0682155391339 -245.406 -15.2542 -245.494 -15.2596 2.16662
DRILLPOS OBJECT { 94 4 3 347 168} 26.786726581 -0.0909797572918 -243.869 -20.2121 -243.957 -20.2194 2.16662
DRILLPOS OBJECT { 94 4 3 347 202} 26.8408789375 -0.131749228424 -232.055 -29.0894 -232.142 -29.1003 2.16662
DRILLPOS OBJECT { 125 4 3 253 76} 26.795300422 -0.226460265228 -242.005 -49.7207 -242.092 -49.7385 2.16662
DRILLPOS OBJECT { 125 4 3 253 28} 26.6899434931 -0.308297520674 -265.026 -67.5645 -265.115 -67.587 2.16662
DRILLPOS OBJECT { 125 4 3 253 112} 26.6928666141 -0.378428265718 -264.401 -82.8478 -264.489 -82.8753 2.16662
DRILLPOS OBJECT { 125 4 3 253 157} 26.7682690774 -0.396544775283 -247.927 -86.7788 -248.012 -86.8084 2.16662
DRILLPOS OBJECT { 94 4 2 346 923} 26.6812015184 -0.46648704642 -266.977 -102.048 -267.065 -102.082 2.16662
DRILLPOS OBJECT { 94 4 2 347 5} 26.7541340544 -0.467486803407 -251.03 -102.243 -251.114 -102.277 2.16662
DRILLPOS OBJECT { 94 4 2 346 101} 26.7174921954 -0.541741833808 -259.063 -118.444 -259.148 -118.483 2.16662
DRILLPOS OBJECT { 94 4 2 346 237} 26.7153167574 -0.565001194348 -259.548 -123.518 -259.633 -123.559 2.16662
DRILLPOS OBJECT { 94 4 2 347 49} 26.797934814 -0.608845530419 -241.498 -133.047 -241.579 -133.091 2.16662
DRILLPOS OBJECT { 94 4 2 347 116} 26.727921585 -0.614042978447 -256.81 -134.21 -256.895 -134.255 2.16662
DRILLPOS OBJECT { 125 4 2 252 116} 26.6713921489 -0.648788168647 -269.21 -141.826 -269.3 -141.873 2.16662
DRILLPOS OBJECT { 125 4 2 253 306} 26.6984182028 -0.658549085081 -263.293 -143.939 -263.38 -143.987 2.16662
DRILLPOS OBJECT { 125 4 2 253 4} 26.6881620294 -0.675280170341 -265.551 -147.599 -265.639 -147.648 2.16662
DRILLPOS OBJECT { 125 4 2 253 206} 26.7950830046 -0.691852010457 -242.153 -151.154 -242.233 -151.204 2.16662
DRILLPOS OBJECT { 125 4 2 253 190} 26.7726441394 -0.696944599438 -247.063 -152.277 -247.145 -152.327 2.16662
DRILLPOS OBJECT { 125 4 2 253 101} 26.7095567138 -0.704368577035 -260.88 -153.936 -260.967 -153.988 2.16662
DRILLPOS OBJECT { 94 4 3 348 159} 26.9439443846 -0.0317213324158 -209.575 -7.30438 -209.662 -7.30741 2.16662
DRILLPOS OBJECT { 94 4 3 349 79} 27.0873252949 -0.0404859949753 -178.313 -9.21125 -178.398 -9.21563 2.16662
DRILLPOS OBJECT { 94 4 3 349 87} 27.1274358288 -0.0629017401595 -169.569 -14.0902 -169.652 -14.0971 2.16662
DRILLPOS OBJECT { 94 4 3 349 485} 27.0987808198 -0.0793538392037 -175.816 -17.6723 -175.901 -17.6808 2.16662
DRILLPOS OBJECT { 94 4 3 349 68} 27.072925584 -0.0811610597733 -181.453 -18.0664 -181.538 -18.0749 2.16662
DRILLPOS OBJECT { 94 4 3 349 6} 27.040181359 -0.17160351191 -188.596 -37.7585 -188.68 -37.7755 2.16662
DRILLPOS OBJECT { 94 4 3 347 105} 26.8643662704 -0.181848932736 -226.934 -39.9992 -227.02 -40.0144 2.16662
DRILLPOS OBJECT { 125 4 3 255 1071} 27.0939242622 -0.203173426768 -176.881 -44.6286 -176.964 -44.6494 2.16662
DRILLPOS OBJECT { 125 4 3 255 284} 27.005459198 -0.23716625817 -196.17 -52.0364 -196.253 -52.0587 2.16662
DRILLPOS OBJECT { 125 4 3 254 97} 26.8925179782 -0.23858936852 -220.797 -52.3546 -220.882 -52.3748 2.16662
DRILLPOS OBJECT { 125 4 3 255 429} 27.0486034783 -0.274964195621 -186.766 -60.2635 -186.848 -60.29 2.16662
DRILLPOS OBJECT { 125 4 3 254 87} 26.9647668268 -0.288458719693 -205.045 -63.2093 -205.129 -63.235 2.16662
DRILLPOS OBJECT { 125 4 3 255 56} 27.0289697345 -0.296701259437 -191.048 -64.9986 -191.13 -65.0265 2.16662
DRILLPOS OBJECT { 125 4 3 254 159} 26.957891209 -0.303819823189 -206.545 -66.5553 -206.629 -66.582 2.16662
DRILLPOS OBJECT { 125 4 3 255 74} 27.0961627376 -0.385187155781 -176.408 -84.2608 -176.486 -84.2981 2.16662
DRILLPOS OBJECT { 125 4 3 255 485} 27.0657947029 -0.404364313075 -183.03 -88.4408 -183.108 -88.4786 2.16662
DRILLPOS OBJECT { 94 4 2 349 158} 27.1416603517 -0.461933241373 -166.5 -100.969 -166.574 -101.014 2.16662
DRILLPOS OBJECT { 94 4 2 349 153} 27.0836116403 -0.480691797112 -179.154 -105.063 -179.229 -105.107 2.16662
DRILLPOS OBJECT { 125 4 2 255 350} 27.0428851205 -0.638385558155 -188.052 -139.423 -188.122 -139.475 2.16662
DRILLPOS OBJECT { 125 4 2 255 103} 26.9958940787 -0.702272543967 -198.31 -153.357 -198.38 -153.411 2.16662
DRILLPOS OBJECT { 94 4 3 350 204} 27.3145743945 -0.0636318609725 -128.778 -14.2439 -128.852 -14.2521 2.16662
DRILLPOS OBJECT { 94 4 3 350 87} 27.2626482784 -0.0756624857617 -140.095 -16.8636 -140.172 -16.8729 2.16662
DRILLPOS OBJECT { 94 4 3 350 363} 27.2117496095 -0.112190156886 -151.191 -24.8155 -151.27 -24.8286 2.16662
DRILLPOS OBJECT { 125 4 3 256 180} 27.2214971276 -0.202352891023 -149.072 -44.4398 -149.15 -44.463 2.16662
DRILLPOS OBJECT { 125 4 3 256 298} 27.1515165817 -0.211258255647 -164.327 -46.3843 -164.407 -46.4071 2.16662
DRILLPOS OBJECT { 125 4 3 256 302} 27.1516764211 -0.397701066355 -164.31 -86.9792 -164.385 -87.0193 2.16662
DRILLPOS OBJECT { 94 4 2 350 706} 27.2893091647 -0.429254964995 -134.32 -93.8313 -134.388 -93.8788 2.16662
DRILLPOS OBJECT { 94 4 2 350 586} 27.2534716988 -0.442532245209 -142.131 -96.7281 -142.2 -96.7754 2.16662
DRILLPOS OBJECT { 94 4 2 350 1251} 27.293303982 -0.463634420143 -133.454 -101.318 -133.521 -101.368 2.16662
DRILLPOS OBJECT { 94 4 2 349 126} 27.1552903638 -0.520760910399 -163.536 -113.78 -163.607 -113.83 2.16662
DRILLPOS OBJECT { 94 4 2 351 111} 27.3397199244 -0.539180540813 -123.352 -117.765 -123.413 -117.823 2.16662
DRILLPOS OBJECT { 94 4 2 350 115} 27.2972869585 -0.55372007883 -132.599 -120.938 -132.662 -120.996 2.16662
DRILLPOS OBJECT { 94 4 2 351 29} 27.3814096496 -0.573487723062 -114.275 -125.231 -114.332 -125.293 2.16662
DRILLPOS OBJECT { 94 4 2 351 149} 27.4109387746 -0.586597414672 -107.845 -128.082 -107.899 -128.146 2.16662
DRILLPOS OBJECT { 94 4 2 351 151} 27.4161048537 -0.607260742315 -106.723 -132.583 -106.775 -132.649 2.16662
DRILLPOS OBJECT { 125 4 2 256 189} 27.2455198135 -0.617545232925 -143.886 -134.85 -143.949 -134.91 2.16662
DRILLPOS OBJECT { 125 4 2 256 54} 27.2719892818 -0.621664254486 -138.12 -135.744 -138.181 -135.804 2.16662
DRILLPOS OBJECT { 125 4 2 257 129} 27.2802515133 -0.652980955455 -136.323 -142.565 -136.383 -142.628 2.16662
DRILLPOS OBJECT { 125 4 2 257 581} 27.3788775401 -0.68189651191 -114.841 -148.85 -114.894 -148.918 2.16662
DRILLPOS OBJECT { 125 4 2 257 207} 27.4019369126 -0.686905031602 -109.819 -149.938 -109.87 -150.007 2.16662
DRILLPOS OBJECT { 94 4 3 352 109} 27.5082403151 -0.0266730496522 -86.5938 -6.19974 -86.6497 -6.20373 2.16662
DRILLPOS OBJECT { 94 4 3 352 118} 27.5261585215 -0.0611433392566 -82.6938 -13.6961 -82.7475 -13.705 2.16662
DRILLPOS OBJECT { 94 4 3 351 65} 27.4380649124 -0.0830259355945 -101.876 -18.4588 -101.939 -18.4702 2.16662
DRILLPOS OBJECT { 94 4 3 352 58} 27.4958656556 -0.090686120865 -89.2898 -20.1225 -89.3468 -20.1354 2.16662
DRILLPOS OBJECT { 94 4 3 351 82} 27.4705089607 -0.0916940357891 -94.811 -20.3429 -94.8708 -20.3557 2.16662
DRILLPOS OBJECT { 94 4 3 352 79} 27.5661100562 -0.117000169343 -74 -25.8422 -74.0486 -25.8592 2.16662
DRILLPOS OBJECT { 94 4 3 352 98} 27.612927501 -0.144291109512 -63.8133 -31.7748 -63.8558 -31.796 2.16662
DRILLPOS OBJECT { 94 4 3 352 111} 27.5159131931 -0.171688278483 -84.9302 -37.7406 -84.9843 -37.7646 2.16662
DRILLPOS OBJECT { 94 4 3 352 351} 27.5036553673 -0.181199183089 -87.5997 -39.8107 -87.655 -39.8358 2.16662
DRILLPOS OBJECT { 125 4 3 258 135} 27.525362125 -0.205829361973 -82.8761 -45.167 -82.9286 -45.1956 2.16662
DRILLPOS OBJECT { 125 4 3 259 53} 27.607501737 -0.220848454118 -64.9994 -48.4268 -65.0419 -48.4584 2.16662
DRILLPOS OBJECT { 125 4 3 259 93} 27.5963397533 -0.242884450136 -67.4304 -53.2217 -67.474 -53.2561 2.16662
DRILLPOS OBJECT { 125 4 3 258 943} 27.4649940768 -0.265241882241 -96.0265 -58.1008 -96.0845 -58.1359 2.16662
DRILLPOS OBJECT { 125 4 3 258 102} 27.4366441117 -0.365413765363 -102.214 -79.9082 -102.272 -79.9539 2.16662
DRILLPOS OBJECT { 125 4 3 259 50} 27.5842638937 -0.403854835337 -70.077 -88.2557 -70.1193 -88.309 2.16662
DRILLPOS OBJECT { 94 4 2 352 117} 27.479534825 -0.416706528597 -92.8802 -91.0691 -92.9334 -91.1212 2.16662
DRILLPOS OBJECT { 94 4 2 351 131} 27.4246648366 -0.485834585693 -104.84 -106.132 -104.897 -106.188 2.16662
DRILLPOS OBJECT { 94 4 2 352 49} 27.4928577502 -0.5870379418 -90.0037 -128.166 -90.0505 -128.232 2.16662
DRILLPOS OBJECT { 125 4 2 257 241} 27.4197560059 -0.646142388065 -105.933 -141.054 -105.984 -141.122 2.16662
DRILLPOS OBJECT { 125 4 2 257 231} 27.4165253438 -0.703819212293 -106.644 -153.622 -106.693 -153.692 2.16662
DRILLPOS OBJECT { 94 4 3 353 194} 27.7714686832 -0.0248276022871 -29.326 -5.79637 -29.3466 -5.80044 2.16662
DRILLPOS OBJECT { 94 4 3 353 103} 27.6341638221 -0.0907209894719 -59.1902 -20.1245 -59.2302 -20.1381 2.16662
DRILLPOS OBJECT { 94 4 3 353 146} 27.6971648893 -0.156683334697 -45.4881 -34.4652 -45.5191 -34.4887 2.16662
DRILLPOS OBJECT { 94 4 3 354 100} 27.7805540093 -0.188481434462 -27.354 -41.3764 -27.3728 -41.4049 2.16662
DRILLPOS OBJECT { 94 4 3 353 26} 27.6258251387 -0.190234713803 -61.0099 -41.7663 -61.0503 -41.7939 2.16662
DRILLPOS OBJECT { 125 4 3 260 216} 27.7344283616 -0.195839338585 -37.3853 -42.9785 -37.4108 -43.0078 2.16662
DRILLPOS OBJECT { 125 4 3 259 108} 27.6611976567 -0.196609242836 -53.3144 -43.1503 -53.35 -43.1791 2.16662
DRILLPOS OBJECT { 125 4 3 259 176} 27.698299939 -0.209701477715 -45.2441 -45.9954 -45.2746 -46.0264 2.16662
DRILLPOS OBJECT { 125 4 3 260 157} 27.8543423344 -0.255790772992 -11.3108 -56.0134 -11.3185 -56.0516 2.16662
DRILLPOS OBJECT { 125 4 3 260 175} 27.8639955328 -0.336273393828 -9.21313 -73.5233 -9.21923 -73.572 2.16662
DRILLPOS OBJECT { 125 4 3 260 940} 27.7805744 -0.367969682673 -27.3582 -80.4246 -27.3759 -80.4767 2.16662
DRILLPOS OBJECT { 125 4 3 260 101} 27.8664649011 -0.371591995944 -8.67673 -81.2097 -8.68239 -81.2627 2.16662
DRILLPOS OBJECT { 125 4 3 259 117} 27.7118512503 -0.379819079615 -42.3092 -83.0088 -42.3361 -83.0616 2.16662
DRILLPOS OBJECT { 94 4 2 354 74} 27.829917087 -0.445512015865 -16.6285 -97.3029 -16.639 -97.3639 2.16662
DRILLPOS OBJECT { 94 4 2 354 18} 27.8662306126 -0.473746372055 -8.72968 -103.45 -8.73508 -103.514 2.16662
DRILLPOS OBJECT { 94 4 2 353 53} 27.6313009362 -0.526237422288 -59.8538 -114.901 -59.8881 -114.967 2.16662
DRILLPOS OBJECT { 94 4 2 354 53} 27.7741724946 -0.573992543393 -28.7638 -125.29 -28.7804 -125.362 2.16662
DRILLPOS OBJECT { 94 4 2 353 727} 27.7448256462 -0.588784393403 -35.1514 -128.515 -35.1713 -128.588 2.16662
DRILLPOS OBJECT { 125 4 2 259 195} 27.6962360758 -0.624312100047 -45.7299 -136.261 -45.7548 -136.335 2.16662
DRILLPOS OBJECT { 125 4 2 260 36} 27.7724603677 -0.68374905444 -29.143 -149.207 -29.1584 -149.286 2.16662
DRILLPOS OBJECT { 94 4 3 355 480} 28.0171628932 -0.0472687623266 24.0887 -10.675 24.1056 -10.6826 2.16662
DRILLPOS OBJECT { 94 4 3 356 77} 28.105204997 -0.0524050421873 43.2336 -11.793 43.2636 -11.8012 2.16662
DRILLPOS OBJECT { 94 4 3 356 252} 28.0742337806 -0.090863087202 36.499 -20.1532 36.5243 -20.1672 2.16662
DRILLPOS OBJECT { 94 4 3 355 87} 28.0314286702 -0.126267757543 27.1918 -27.8494 27.2108 -27.8688 2.16662
DRILLPOS OBJECT { 94 4 3 354 121} 27.8982682149 -0.136875735651 -1.75915 -30.1537 -1.76039 -30.1748 2.16662
DRILLPOS OBJECT { 125 4 3 261 273} 27.9161655005 -0.244781034665 2.13216 -53.6183 2.13362 -53.655 2.16662
DRILLPOS OBJECT { 125 4 3 262 83} 28.05311873 -0.24922219687 31.9134 -54.5887 31.935 -54.6255 2.16662
DRILLPOS OBJECT { 125 4 3 262 183} 28.0794591531 -0.261738821076 37.6431 -57.3131 37.6683 -57.3514 2.16662
DRILLPOS OBJECT { 125 4 3 262 33} 28.1050513808 -0.286824271296 43.2117 -62.7725 43.2402 -62.8139 2.16662
DRILLPOS OBJECT { 125 4 3 261 92} 27.9245836997 -0.312002235945 3.96311 -68.2418 3.96576 -68.2875 2.16662
DRILLPOS OBJECT { 125 4 3 261 759} 27.9791830036 -0.33597498126 15.8375 -73.4595 15.848 -73.508 2.16662
DRILLPOS OBJECT { 125 4 3 262 122} 28.0720833879 -0.364020834961 36.0458 -79.5686 36.0691 -79.6198 2.16662
DRILLPOS OBJECT { 125 4 3 262 77} 28.0407788344 -0.383168595551 29.2373 -83.734 29.2561 -83.7878 2.16662
DRILLPOS OBJECT { 125 4 3 262 128} 28.0948448981 -0.389627798062 40.9997 -85.1443 41.0257 -85.1983 2.16662
DRILLPOS OBJECT { 94 4 2 355 85} 27.9721008056 -0.480612966465 14.3019 -104.946 14.3107 -105.011 2.16662
DRILLPOS OBJECT { 94 4 2 356 5} 28.0880229716 -0.510337662989 39.5259 -111.428 39.5494 -111.494 2.16662
DRILLPOS OBJECT { 94 4 2 354 250} 27.8895126477 -0.609717188033 -3.66591 -133.07 -3.66799 -133.145 2.16662
DRILLPOS OBJECT { 125 4 2 261 141} 27.8962886135 -0.629289333658 -2.19147 -137.335 -2.1927 -137.412 2.16662
DRILLPOS OBJECT { 125 4 2 261 104} 27.8945055673 -0.663028322488 -2.57967 -144.688 -2.58108 -144.766 2.16662
DRILLPOS OBJECT { 125 4 2 261 458} 27.9982224988 -0.710405026647 19.9949 -155.015 20.0053 -155.096 2.16662
DRILLPOS OBJECT { 94 4 3 356 183} 28.1333752387 -0.0563520910556 49.3607 -12.6517 49.3947 -12.6604 2.16662
DRILLPOS OBJECT { 94 4 3 357 143} 28.2309840415 -0.0751761553296 70.5976 -16.7477 70.6445 -16.7588 2.16662
DRILLPOS OBJECT { 94 4 3 357 55} 28.2452846924 -0.132491292959 73.7125 -29.2129 73.7608 -29.232 2.16662
DRILLPOS OBJECT { 94 4 3 357 110} 28.2264966349 -0.137886955071 69.624 -30.3852 69.6699 -30.4052 2.16662
DRILLPOS OBJECT { 94 4 3 357 45} 28.2315056194 -0.169624271928 70.7161 -37.2882 70.7625 -37.3126 2.16662
DRILLPOS OBJECT { 94 4 3 356 177} 28.1106419928 -0.171447265 44.4203 -37.6765 44.4505 -37.7022 2.16662
DRILLPOS OBJECT { 125 4 3 262 105} 28.1536626028 -0.208453766757 53.7809 -45.7278 53.8168 -45.7583 2.16662
DRILLPOS OBJECT { 125 4 3 263 58} 28.223474838 -0.21434017773 68.972 -47.0141 69.0168 -47.0447 2.16662
DRILLPOS OBJECT { 125 4 3 262 59} 28.1524363533 -0.228058449483 53.5156 -49.9921 53.5511 -50.0252 2.16662
DRILLPOS OBJECT { 125 4 3 263 1005} 28.279234272 -0.265666379363 81.1138 -58.1869 81.1645 -58.2233 2.16662
DRILLPOS OBJECT { 125 4 3 263 414} 28.2700388765 -0.385730506314 79.1269 -84.3173 79.1743 -84.3678 2.16662
DRILLPOS OBJECT { 125 4 3 263 69} 28.2857002176 -0.385748236236 82.5366 -84.3235 82.5857 -84.3736 2.16662
DRILLPOS OBJECT { 125 4 3 263 49} 28.1896052604 -0.393182512044 61.6199 -85.9286 61.6578 -85.9815 2.16662
DRILLPOS OBJECT { 94 4 2 356 88} 28.2216901633 -0.413427023792 68.6057 -90.3403 68.6471 -90.3947 2.16662
DRILLPOS OBJECT { 94 4 2 356 145} 28.2201998821 -0.477138919004 68.2896 -104.214 68.3294 -104.274 2.16662
DRILLPOS OBJECT { 94 4 2 356 119} 28.147678822 -0.522851534497 52.5099 -114.16 52.5404 -114.227 2.16662
DRILLPOS OBJECT { 94 4 2 357 182} 28.2533095103 -0.570517782409 75.5102 -124.558 75.5511 -124.626 2.16662
DRILLPOS OBJECT { 94 4 2 357 243} 28.254023327 -0.595515784784 75.6689 -130.004 75.7092 -130.074 2.16662
DRILLPOS OBJECT { 125 4 2 262 185} 28.1228454297 -0.664950781145 47.1188 -145.118 47.1436 -145.195 2.16662
DRILLPOS OBJECT { 125 4 2 263 19} 28.1760535113 -0.674546864067 58.7028 -147.215 58.7331 -147.291 2.16662
DRILLPOS OBJECT { 94 4 3 363 213} 29.2207180521 -0.0850567457502 286.427 -18.9377 286.522 -18.9439 2.16662
DRILLPOS OBJECT { 94 4 3 361 59} 28.8342285147 -0.148369389072 202.045 -32.7072 202.13 -32.7212 2.16662
DRILLPOS OBJECT { 94 4 3 363 76} 29.1364911913 -0.174257939673 268.006 -38.3662 268.096 -38.379 2.16662
DRILLPOS OBJECT { 94 4 3 364 178} 29.3193245584 -0.191761981531 308.075 -42.2129 308.179 -42.2272 2.16662
DRILLPOS OBJECT { 125 4 3 263 112} 28.3121448103 -0.22629489699 88.2746 -49.624 88.3296 -49.6549 2.16662
DRILLPOS OBJECT { 125 4 3 268 70} 29.0375818123 -0.271032654133 246.41 -59.4376 246.496 -59.4584 2.16662
DRILLPOS OBJECT { 125 4 3 264 153} 28.3364585951 -0.273848526451 93.574 -59.9744 93.6308 -60.0108 2.16662
DRILLPOS OBJECT { 125 4 3 264 130} 28.3751089826 -0.288106874267 101.993 -63.0826 102.053 -63.1199 2.16662
DRILLPOS OBJECT { 125 4 3 263 174} 28.2878755632 -0.301346403066 82.9992 -65.9524 83.0503 -65.9929 2.16662
DRILLPOS OBJECT { 125 4 3 266 869} 28.7242171597 -0.328777211772 178.073 -71.9814 178.153 -72.0138 2.16662
DRILLPOS OBJECT { 125 4 3 265 54} 28.6040615917 -0.330966235478 151.883 -72.4438 151.958 -72.4798 2.16662
DRILLPOS OBJECT { 94 4 2 357 195} 28.2950745136 -0.416356945215 84.5819 -90.989 84.6312 -91.0421 2.16662
DRILLPOS OBJECT { 94 4 2 360 182} 28.7217888409 -0.439367811934 177.555 -96.065 177.631 -96.1063 2.16662
DRILLPOS OBJECT { 94 4 2 362 177} 28.9991480637 -0.444850013694 238.044 -97.3007 238.126 -97.3344 2.16662
DRILLPOS OBJECT { 94 4 2 364 10} 29.2745090295 -0.473898730652 298.338 -103.741 298.441 -103.776 2.16662
DRILLPOS OBJECT { 125 4 2 269 38} 29.1312009869 -0.62187564485 266.975 -135.95 267.064 -135.995 2.16662
DRILLPOS OBJECT { 125 4 2 264 65} 28.3514767827 -0.630229361468 96.8951 -137.583 96.9432 -137.651 2.16662
DRILLPOS OBJECT { 125 4 2 264 97} 28.3307639129 -0.639162050187 92.3854 -139.526 92.4314 -139.595 2.16662
DRILLPOS OBJECT { 125 4 2 264 204} 28.4117223211 -0.660537536174 110.021 -144.196 110.073 -144.263 2.16662
DRILLPOS OBJECT { 125 4 2 263 119} 28.2904839412 -0.668860093446 83.6175 -145.991 83.659 -146.063 2.16662
DRILLPOS OBJECT { 94 4 5 346 195} 26.7136779465 0.78673853052 -260.033 171.135 -260.121 171.193 2.16662
DRILLPOS OBJECT { 94 4 5 346 164} 26.6706767612 0.656865588093 -269.37 142.796 -269.46 142.844 2.16662
DRILLPOS OBJECT { 125 4 5 252 112} 26.5988947262 0.581388365489 -285.071 126.367 -285.167 126.409 2.16662
DRILLPOS OBJECT { 125 4 5 252 47} 26.5502102977 0.565221233242 -295.758 122.872 -295.861 122.915 2.16662
DRILLPOS OBJECT { 125 4 5 252 81} 26.6537182926 0.492594504112 -273.003 106.959 -273.093 106.995 2.16662
DRILLPOS OBJECT { 125 4 5 252 118} 26.6253559626 0.482913379939 -279.213 104.861 -279.305 104.896 2.16662
DRILLPOS OBJECT { 125 4 5 252 114} 26.6007453844 0.463324050562 -284.6 100.6 -284.695 100.633 2.16662
DRILLPOS OBJECT { 94 4 4 346 104} 26.6171736633 0.418796372526 -280.981 90.8803 -281.074 90.9103 2.16662
DRILLPOS OBJECT { 94 4 4 345 119} 26.5652924146 0.319927206522 -292.322 69.34 -292.419 69.363 2.16662
DRILLPOS OBJECT { 94 4 4 345 534} 26.5543645977 0.303025284858 -294.715 65.6582 -294.813 65.68 2.16662
DRILLPOS OBJECT { 94 4 4 345 967} 26.5566183887 0.264924945772 -294.21 57.3502 -294.307 57.3691 2.16662
DRILLPOS OBJECT { 125 4 4 251 103} 26.431050238 0.189091264635 -321.796 40.8491 -321.91 40.8636 2.16662
DRILLPOS OBJECT { 125 4 4 252 174} 26.5783259048 0.153335205272 -289.43 33.0209 -289.525 33.0318 2.16662
DRILLPOS OBJECT { 125 4 4 252 86} 26.5607658682 0.150532815252 -293.278 32.4127 -293.375 32.4234 2.16662
DRILLPOS OBJECT { 125 4 4 251 108} 26.4341385594 0.149715994667 -321.106 32.2588 -321.218 32.2701 2.16662
DRILLPOS OBJECT { 125 4 4 251 617} 26.5178740887 0.0650354638587 -302.679 13.7812 -302.78 13.7857 2.16662
DRILLPOS OBJECT { 125 4 4 253 213} 26.6805256254 0.0410172933876 -267.06 8.53934 -267.15 8.54222 2.16662
DRILLPOS OBJECT { 125 4 4 253 242} 26.6892856551 0.0250172904193 -265.145 5.05356 -265.235 5.05529 2.16662
DRILLPOS OBJECT { 125 4 4 253 441} 26.7621795552 0.0207588790459 -249.225 4.12488 -249.314 4.12635 2.16662
DRILLPOS OBJECT { 94 4 3 345 142} 26.4486572662 0.00291267194721 -317.893 0.239547 -318.002 0.239646 2.16662
DRILLPOS OBJECT { 94 4 5 348 133} 26.9109801297 0.76205001092 -216.856 165.624 -216.928 165.679 2.16662
DRILLPOS OBJECT { 94 4 5 347 26} 26.8313054162 0.728779639137 -234.249 158.4 -234.326 158.452 2.16662
DRILLPOS OBJECT { 125 4 5 254 358} 26.8997000973 0.627226439022 -219.28 136.228 -219.356 136.275 2.16662
DRILLPOS OBJECT { 125 4 5 254 398} 26.9152130026 0.554261819047 -215.881 120.322 -215.958 120.365 2.16662
DRILLPOS OBJECT { 125 4 5 254 140} 26.900878466 0.501929314384 -219 108.922 -219.079 108.961 2.16662
DRILLPOS OBJECT { 125 4 5 253 168} 26.7730723773 0.458340629014 -246.889 99.4511 -246.973 99.4847 2.16662
DRILLPOS OBJECT { 94 4 4 347 211} 26.8750400896 0.303809500591 -224.613 65.7669 -224.698 65.7916 2.16662
DRILLPOS OBJECT { 94 4 4 348 916} 26.9057678151 0.291752061238 -217.911 63.1376 -217.995 63.162 2.16662
DRILLPOS OBJECT { 94 4 4 348 129} 26.9397957415 0.2298388825 -210.486 49.651 -210.571 49.6711 2.16662
DRILLPOS OBJECT { 125 4 4 254 162} 26.9698342709 0.207218759996 -203.935 44.723 -204.02 44.7416 2.16662
DRILLPOS OBJECT { 125 4 4 254 104} 26.9430685453 0.205929508238 -209.771 44.4441 -209.856 44.4622 2.16662
DRILLPOS OBJECT { 125 4 4 254 107} 26.8672774168 0.187081554868 -226.299 40.3447 -226.385 40.36 2.16662
DRILLPOS OBJECT { 125 4 4 254 105} 26.9769990395 0.176448929327 -202.371 38.0223 -202.457 38.0384 2.16662
DRILLPOS OBJECT { 125 4 4 253 501} 26.7829489523 0.171626519089 -244.697 36.9845 -244.784 36.9977 2.16662
DRILLPOS OBJECT { 125 4 4 253 489} 26.7802905193 0.147306286947 -245.276 31.6874 -245.363 31.6987 2.16662
DRILLPOS OBJECT { 125 4 4 254 417} 26.9308642579 0.113179715428 -212.428 24.2477 -212.515 24.2576 2.16662
DRILLPOS OBJECT { 125 4 4 254 137} 26.8588572167 0.0693447986271 -228.131 14.7045 -228.219 14.7101 2.16662
DRILLPOS OBJECT { 125 4 4 254 89} 26.8899040901 0.0564625663777 -221.36 11.8984 -221.447 11.9031 2.16662
DRILLPOS OBJECT { 125 4 4 253 103} 26.8055961544 0.0407347559633 -239.75 8.47494 -239.838 8.47804 2.16662
DRILLPOS OBJECT { 94 4 3 347 96} 26.8466717981 -0.00846287661411 -230.789 -2.23992 -230.876 -2.24078 2.16662
DRILLPOS OBJECT { 94 4 5 349 106} 27.090294469 0.798879095362 -177.743 173.599 -177.806 173.661 2.16662
DRILLPOS OBJECT { 94 4 5 349 51} 27.0892355419 0.782746165689 -177.97 170.082 -178.034 170.143 2.16662
DRILLPOS OBJECT { 94 4 5 349 55} 27.1306726914 0.779945727517 -168.936 169.462 -168.998 169.524 2.16662
DRILLPOS OBJECT { 125 4 5 256 44} 27.194621748 0.534856359455 -154.966 116.049 -155.035 116.101 2.16662
DRILLPOS OBJECT { 125 4 5 255 67} 27.0830240632 0.505830946799 -179.285 109.743 -179.359 109.789 2.16662
DRILLPOS OBJECT { 125 4 5 255 148} 27.1239146045 0.489475396687 -170.37 106.175 -170.444 106.221 2.16662
DRILLPOS OBJECT { 125 4 5 256 114} 27.2190984429 0.483308320032 -149.626 104.817 -149.696 104.866 2.16662
DRILLPOS OBJECT { 125 4 5 256 43} 27.1561924247 0.447010695354 -163.331 96.9213 -163.405 96.9652 2.16662
DRILLPOS OBJECT { 94 4 4 349 96} 27.1147046523 0.393953276146 -172.367 85.372 -172.445 85.4103 2.16662
DRILLPOS OBJECT { 94 4 4 349 144} 27.0689775625 0.358264420772 -182.331 77.6055 -182.411 77.6394 2.16662
DRILLPOS OBJECT { 94 4 4 349 896} 27.1352753465 0.358181586798 -167.88 77.5795 -167.958 77.6154 2.16662
DRILLPOS OBJECT { 94 4 4 349 52} 27.0677115684 0.329173480022 -182.605 71.2707 -182.685 71.3021 2.16662
DRILLPOS OBJECT { 94 4 4 349 46} 27.047823459 0.329039953171 -186.94 71.2437 -187.021 71.2746 2.16662
DRILLPOS OBJECT { 94 4 4 348 48} 27.0066799078 0.248636880095 -195.904 53.7392 -195.988 53.7621 2.16662
DRILLPOS OBJECT { 125 4 4 255 109} 27.0779020014 0.165860418217 -180.372 35.7106 -180.455 35.7272 2.16662
DRILLPOS OBJECT { 125 4 4 256 232} 27.1513904071 0.0865382961104 -164.347 18.4388 -164.43 18.448 2.16662
DRILLPOS OBJECT { 125 4 4 255 103} 27.0534497088 0.0563605128848 -185.699 11.8724 -185.784 11.8779 2.16662
DRILLPOS OBJECT { 125 4 4 255 28} 27.050954646 0.0314577659391 -186.242 6.45098 -186.328 6.45395 2.16662
DRILLPOS OBJECT { 94 4 3 349 166} 27.0976010492 0.0137899473984 -176.072 2.60417 -176.157 2.60543 2.16662
DRILLPOS OBJECT { 94 4 3 349 303} 27.0448992769 0.0010602879174 -187.563 -0.166748 -187.648 -0.166817 2.16662
DRILLPOS OBJECT { 94 4 5 351 429} 27.4263674339 0.801229096662 -104.511 174.051 -104.556 174.125 2.16662
DRILLPOS OBJECT { 94 4 5 350 181} 27.302748008 0.75409501094 -131.435 163.797 -131.489 163.865 2.16662
DRILLPOS OBJECT { 94 4 5 351 159} 27.4122526531 0.674834949169 -107.57 146.509 -107.621 146.578 2.16662
DRILLPOS OBJECT { 125 4 5 256 139} 27.274808203 0.634394281468 -137.507 137.72 -137.568 137.781 2.16662
DRILLPOS OBJECT { 125 4 5 257 490} 27.38789416 0.464644681375 -112.846 100.725 -112.906 100.779 2.16662
DRILLPOS OBJECT { 125 4 5 257 143} 27.3360730602 0.450670507564 -124.133 97.6906 -124.198 97.7411 2.16662
DRILLPOS OBJECT { 94 4 4 350 78} 27.2305403541 0.409700178436 -147.123 88.7851 -147.195 88.8286 2.16662
DRILLPOS OBJECT { 94 4 4 351 110} 27.354049252 0.342307942418 -120.202 74.0929 -120.268 74.1338 2.16662
DRILLPOS OBJECT { 94 4 4 350 789} 27.2869256482 0.31584116228 -134.824 68.3407 -134.896 68.377 2.16662
DRILLPOS OBJECT { 94 4 4 351 67} 27.4171849627 0.288344073027 -106.441 62.3372 -106.504 62.3737 2.16662
DRILLPOS OBJECT { 94 4 4 351 25} 27.4271057473 0.250481335484 -104.276 54.0957 -104.338 54.1279 2.16662
DRILLPOS OBJECT { 125 4 4 257 147} 27.3548407621 0.17892743738 -120.011 38.5326 -120.081 38.5549 2.16662
DRILLPOS OBJECT { 125 4 4 257 71} 27.3740191165 0.155048924153 -115.831 33.3349 -115.899 33.3546 2.16662
DRILLPOS OBJECT { 125 4 4 256 160} 27.2580871093 0.139434632155 -141.092 29.946 -141.169 29.9623 2.16662
DRILLPOS OBJECT { 125 4 4 257 161} 27.3920770898 0.126861668547 -111.895 27.2006 -111.962 27.2169 2.16662
DRILLPOS OBJECT { 125 4 4 256 110} 27.2577476751 0.116865088374 -141.165 25.0341 -141.242 25.0478 2.16662
DRILLPOS OBJECT { 125 4 4 257 104} 27.3004285331 0.109798978623 -131.863 23.4939 -131.937 23.5071 2.16662
DRILLPOS OBJECT { 125 4 4 256 551} 27.2697378306 0.0565646661215 -138.549 11.9109 -138.626 11.9175 2.16662
DRILLPOS OBJECT { 125 4 4 258 190} 27.431771985 0.0415215306434 -103.245 8.63332 -103.309 8.63867 2.16662
DRILLPOS OBJECT { 125 4 4 257 113} 27.4128229788 0.0150339812123 -107.372 2.87182 -107.438 2.87358 2.16662
DRILLPOS OBJECT { 94 4 5 352 57} 27.5240601312 0.809027775524 -83.2353 175.737 -83.2723 175.815 2.16662
DRILLPOS OBJECT { 94 4 5 351 97} 27.441172826 0.808578674664 -101.287 175.65 -101.331 175.726 2.16662
DRILLPOS OBJECT { 94 4 5 352 178} 27.5530438066 0.793962258464 -76.922 172.45 -76.957 172.529 2.16662
DRILLPOS OBJECT { 94 4 5 352 165} 27.5435757133 0.775337433442 -78.9819 168.392 -79.0184 168.47 2.16662
DRILLPOS OBJECT { 94 4 5 352 70} 27.6018541809 0.742497270988 -66.2884 161.228 -66.3205 161.306 2.16662
DRILLPOS OBJECT { 94 4 5 352 514} 27.581012517 0.653542423184 -70.8167 141.844 -70.8532 141.918 2.16662
DRILLPOS OBJECT { 125 4 5 258 348} 27.4953861758 0.613314848703 -89.4564 133.092 -89.5023 133.16 2.16662
DRILLPOS OBJECT { 125 4 5 258 110} 27.5414980214 0.53493300007 -79.4047 116.009 -79.4485 116.073 2.16662
DRILLPOS OBJECT { 125 4 5 258 187} 27.5737993569 0.484009760364 -72.3652 104.912 -72.407 104.973 2.16662
DRILLPOS OBJECT { 125 4 5 258 831} 27.5655003914 0.452301063707 -74.1676 98.0083 -74.211 98.0657 2.16662
DRILLPOS OBJECT { 94 4 4 351 79} 27.465232641 0.426806633747 -95.9959 92.4726 -96.0502 92.5249 2.16662
DRILLPOS OBJECT { 94 4 4 352 64} 27.4746776824 0.376569245014 -93.9318 81.5331 -93.9865 81.5807 2.16662
DRILLPOS OBJECT { 94 4 4 352 157} 27.4769113406 0.358852288359 -93.4429 77.6759 -93.4979 77.7216 2.16662
DRILLPOS OBJECT { 125 4 4 258 72} 27.5329223886 0.220399575974 -81.2314 47.5382 -81.2829 47.5683 2.16662
DRILLPOS OBJECT { 125 4 4 258 149} 27.5630792063 0.217224892559 -74.6667 46.8445 -74.7147 46.8746 2.16662
DRILLPOS OBJECT { 125 4 4 258 276} 27.458034521 0.121360641615 -97.5289 25.9994 -97.5897 26.0156 2.16662
DRILLPOS OBJECT { 125 4 4 258 138} 27.5315017037 0.113566478407 -81.5327 24.2995 -81.5855 24.3152 2.16662
DRILLPOS OBJECT { 125 4 4 258 84} 27.554178412 0.0846864211154 -76.5954 18.0174 -76.6456 18.0292 2.16662
DRILLPOS OBJECT { 125 4 4 258 146} 27.5608700599 0.0621020964343 -75.1382 13.1058 -75.1877 13.1144 2.16662
DRILLPOS OBJECT { 125 4 4 258 214} 27.4404716397 0.0174047632189 -101.35 3.38722 -101.413 3.38934 2.16662
DRILLPOS OBJECT { 94 4 5 352 631} 27.6216902964 0.796816177771 -61.9744 173.064 -62.0032 173.145 2.16662
DRILLPOS OBJECT { 94 4 5 353 168} 27.6894656347 0.796598480519 -47.2177 173.011 -47.24 173.093 2.16662
DRILLPOS OBJECT { 94 4 5 354 349} 27.8438068786 0.743171117984 -13.6159 161.356 -13.6229 161.438 2.16662
DRILLPOS OBJECT { 94 4 5 353 87} 27.7034500025 0.690637411335 -44.1652 149.914 -44.1882 149.992 2.16662
DRILLPOS OBJECT { 125 4 5 259 50} 27.671867404 0.560930203963 -51.0277 121.654 -51.0567 121.723 2.16662
DRILLPOS OBJECT { 125 4 5 260 171} 27.773595177 0.521941426142 -28.8862 113.151 -28.9034 113.219 2.16662
DRILLPOS OBJECT { 125 4 5 260 77} 27.8556432792 0.48132931265 -11.0333 104.301 -11.0401 104.366 2.16662
DRILLPOS OBJECT { 125 4 5 259 44} 27.6351295331 0.478848641497 -59.0146 103.78 -59.0495 103.841 2.16662
DRILLPOS OBJECT { 94 4 4 353 58} 27.6414247389 0.416658753626 -57.6372 90.2371 -57.6726 90.2925 2.16662
DRILLPOS OBJECT { 94 4 4 353 908} 27.739533934 0.338835826949 -36.2835 73.2874 -36.3072 73.3352 2.16662
DRILLPOS OBJECT { 94 4 4 353 69} 27.6674695113 0.316493679183 -51.9594 68.4319 -51.993 68.4762 2.16662
DRILLPOS OBJECT { 94 4 4 353 93} 27.7194013091 0.267137860379 -40.6578 57.6888 -40.6849 57.7272 2.16662
DRILLPOS OBJECT { 94 4 4 354 156} 27.791151523 0.258840267746 -25.0522 55.8794 -25.0692 55.9172 2.16662
DRILLPOS OBJECT { 94 4 4 353 97} 27.7300122751 0.25232612017 -38.3488 54.4659 -38.3746 54.5025 2.16662
DRILLPOS OBJECT { 94 4 4 353 101} 27.7378984653 0.234524307833 -36.6325 50.5932 -36.6573 50.6274 2.16662
DRILLPOS OBJECT { 125 4 4 259 170} 27.7029679062 0.19746323666 -44.2279 42.5347 -44.2579 42.5635 2.16662
DRILLPOS OBJECT { 125 4 4 259 44} 27.6489539748 0.152786866152 -55.9752 32.8221 -56.0129 32.8442 2.16662
DRILLPOS OBJECT { 125 4 4 260 99} 27.772059646 0.0274977946877 -29.1975 5.57808 -29.218 5.582 2.16662
DRILLPOS OBJECT { 94 4 3 354 102} 27.7819302712 -0.00694398937125 -27.0512 -1.90885 -27.0703 -1.91019 2.16662
DRILLPOS OBJECT { 94 4 3 353 99} 27.6335836392 -0.0192969686289 -59.3149 -4.59469 -59.3551 -4.59781 2.16662
DRILLPOS OBJECT { 94 4 5 356 109} 28.0974996295 0.821005247556 41.6117 178.328 41.6311 178.411 2.16662
DRILLPOS OBJECT { 94 4 5 356 115} 28.1169170143 0.798864765469 45.8378 173.503 45.8596 173.585 2.16662
DRILLPOS OBJECT { 94 4 5 356 123} 28.1238952371 0.774839077203 47.3554 168.267 47.3783 168.348 2.16662
DRILLPOS OBJECT { 94 4 5 356 157} 28.0961185339 0.770242563776 41.3078 167.263 41.328 167.344 2.16662
DRILLPOS OBJECT { 94 4 5 356 121} 28.1222647851 0.703652642734 46.9949 152.751 47.019 152.829 2.16662
DRILLPOS OBJECT { 94 4 5 354 459} 27.8940427372 0.69230267279 -2.68091 150.267 -2.68234 150.347 2.16662
DRILLPOS OBJECT { 125 4 5 261 109} 27.9992126815 0.549318888639 20.203 119.112 20.2149 119.182 2.16662
DRILLPOS OBJECT { 125 4 5 261 184} 28.018859594 0.510628947425 24.4759 110.685 24.4906 110.752 2.16662
DRILLPOS OBJECT { 94 4 4 355 936} 28.0621555056 0.420116396381 33.8897 90.9778 33.911 91.0351 2.16662
DRILLPOS OBJECT { 94 4 4 355 91} 28.0325032939 0.405660674628 27.438 87.8287 27.4555 87.8847 2.16662
DRILLPOS OBJECT { 94 4 4 355 185} 28.0371751086 0.283459720774 28.4473 61.2352 28.4664 61.2763 2.16662
DRILLPOS OBJECT { 94 4 4 355 59} 27.952137573 0.263856480777 9.954 56.9679 9.96077 57.0067 2.16662
DRILLPOS OBJECT { 94 4 4 355 155} 27.9628774337 0.230869829837 12.2887 49.7933 12.2971 49.8275 2.16662
DRILLPOS OBJECT { 125 4 4 262 98} 28.10431674 0.173625429822 43.0443 37.3493 43.0737 37.3747 2.16662
DRILLPOS OBJECT { 125 4 4 261 422} 27.9683879932 0.153016443651 13.4855 32.8637 13.4949 32.8867 2.16662
DRILLPOS OBJECT { 125 4 4 262 115} 28.0419877402 0.14475959411 29.4882 31.0701 29.5087 31.0916 2.16662
DRILLPOS OBJECT { 125 4 4 262 14} 28.0638974562 0.135595405288 34.2523 29.0782 34.276 29.0983 2.16662
DRILLPOS OBJECT { 125 4 4 261 80} 27.9078986513 0.09866281229 0.334471 21.0467 0.334707 21.0616 2.16662
DRILLPOS OBJECT { 125 4 4 262 142} 28.1069886264 0.0170004705987 43.6211 3.29565 43.6513 3.29794 2.16662
DRILLPOS OBJECT { 94 4 3 355 45} 27.97720319 0.0127414127411 15.4007 2.3697 15.4117 2.37138 2.16662
DRILLPOS OBJECT { 94 4 5 357 71} 28.250897261 0.795969136809 75.0102 172.885 75.0445 172.964 2.16662
DRILLPOS OBJECT { 94 4 5 356 61} 28.1506258293 0.671704491758 53.166 145.791 53.1939 145.867 2.16662
DRILLPOS OBJECT { 125 4 5 262 106} 28.1605075907 0.573073148042 55.3069 124.301 55.338 124.37 2.16662
DRILLPOS OBJECT { 125 4 5 263 92} 28.1923696631 0.521078468035 62.2363 112.978 62.2721 113.043 2.16662
DRILLPOS OBJECT { 125 4 5 263 100} 28.2592892955 0.457244926849 76.7957 99.0849 76.8403 99.1424 2.16662
DRILLPOS OBJECT { 94 4 4 356 50} 28.2073132206 0.387414198077 65.4725 83.8735 65.5127 83.9251 2.16662
DRILLPOS OBJECT { 94 4 4 357 59} 28.2390857716 0.383697343387 72.3877 83.0685 72.4317 83.1191 2.16662
DRILLPOS OBJECT { 94 4 4 357 127} 28.2276979093 0.362601683354 69.9063 78.4749 69.9494 78.5233 2.16662
DRILLPOS OBJECT { 94 4 4 357 98} 28.2569269083 0.353904703988 76.2676 76.5857 76.3142 76.6325 2.16662
DRILLPOS OBJECT { 94 4 4 356 990} 28.1691669107 0.337935905608 57.1653 73.0994 57.2016 73.1459 2.16662
DRILLPOS OBJECT { 94 4 4 356 177} 28.1950769337 0.278966399878 62.7975 60.27 62.838 60.3088 2.16662
DRILLPOS OBJECT { 94 4 4 356 158} 28.1458711843 0.274175815208 52.0905 59.223 52.1247 59.2619 2.16662
DRILLPOS OBJECT { 94 4 4 356 99} 28.1899861411 0.234173452763 61.6856 50.5244 61.726 50.5575 2.16662
DRILLPOS OBJECT { 94 4 4 357 135} 28.2515879774 0.232414560398 75.0918 50.1475 75.1399 50.1796 2.16662
DRILLPOS OBJECT { 125 4 4 263 147} 28.2822231797 0.21782592359 81.759 46.9766 81.8108 47.0064 2.16662
DRILLPOS OBJECT { 125 4 4 262 170} 28.1436605473 0.209599764633 51.6047 45.1754 51.6392 45.2057 2.16662
DRILLPOS OBJECT { 125 4 4 263 105} 28.2482436383 0.188700291683 74.3601 40.6376 74.4083 40.6639 2.16662
DRILLPOS OBJECT { 125 4 4 262 63} 28.1622681811 0.159887345742 55.6496 34.3648 55.6871 34.3879 2.16662
DRILLPOS OBJECT { 125 4 4 262 101} 28.1466215623 0.156910137355 52.2456 33.7165 52.2809 33.7393 2.16662
DRILLPOS OBJECT { 125 4 4 262 27} 28.1301127624 0.0224023623571 48.6506 4.47013 48.6841 4.47321 2.16662
DRILLPOS OBJECT { 94 4 5 360 99} 28.7259896455 0.81119164248 178.522 176.28 178.585 176.342 2.16662
DRILLPOS OBJECT { 94 4 5 359 20} 28.596768202 0.809711689871 150.354 175.93 150.411 175.996 2.16662
DRILLPOS OBJECT { 94 4 5 358 78} 28.4140052966 0.792654824234 110.533 172.183 110.58 172.256 2.16662
DRILLPOS OBJECT { 94 4 5 357 54} 28.3264785167 0.786950730594 91.4689 170.928 91.5097 171.004 2.16662
DRILLPOS OBJECT { 94 4 5 358 98} 28.3724746732 0.746980763939 101.482 162.224 101.528 162.297 2.16662
DRILLPOS OBJECT { 94 4 5 358 535} 28.4644007265 0.745142932319 121.505 161.836 121.558 161.906 2.16662
DRILLPOS OBJECT { 94 4 5 358 117} 28.4673192049 0.729503583365 122.139 158.429 122.192 158.498 2.16662
DRILLPOS OBJECT { 94 4 5 357 108} 28.3312246482 0.656225870612 92.487 142.441 92.5326 142.512 2.16662
DRILLPOS OBJECT { 125 4 5 264 87} 28.3381663233 0.640376272967 93.9966 138.989 94.0434 139.058 2.16662
DRILLPOS OBJECT { 125 4 5 265 69} 28.5885579269 0.637654362494 148.542 138.435 148.605 138.494 2.16662
DRILLPOS OBJECT { 125 4 5 264 95} 28.3538203957 0.630890091181 97.4046 136.924 97.453 136.993 2.16662
DRILLPOS OBJECT { 125 4 5 266 201} 28.7260779237 0.575040145723 178.504 124.815 178.576 124.865 2.16662
DRILLPOS OBJECT { 125 4 5 265 870} 28.5551996389 0.507865508313 141.256 110.157 141.323 110.209 2.16662
DRILLPOS OBJECT { 94 4 4 358 95} 28.4398507282 0.269066441079 116.092 58.1446 116.159 58.1779 2.16662
DRILLPOS OBJECT { 125 4 4 263 183} 28.3051570582 0.204869002912 86.7506 44.1599 86.8052 44.1877 2.16662
DRILLPOS OBJECT { 125 4 4 266 56} 28.6594131344 0.204173173022 163.935 44.042 164.016 44.0638 2.16662
DRILLPOS OBJECT { 125 4 4 266 48} 28.651376065 0.186844558725 162.182 40.2691 162.263 40.2892 2.16662
DRILLPOS OBJECT { 125 4 4 264 84} 28.4326128055 0.183842057532 114.507 39.597 114.574 39.6203 2.16662
DRILLPOS OBJECT { 125 4 4 264 4} 28.3257800351 0.15321209643 91.2366 32.924 91.2941 32.9447 2.16662
DRILLPOS OBJECT { 125 4 4 265 130} 28.5389482455 0.123549906422 137.673 26.4848 137.749 26.4994 2.16662
DRILLPOS OBJECT { 94 4 6 349 159} 27.0882652928 1.22737770574 -178.399 267.273 -178.462 267.366 2.16662
DRILLPOS OBJECT { 94 4 6 349 177} 27.1057077964 1.1381103388 -174.513 247.681 -174.571 247.764 2.16662
DRILLPOS OBJECT { 94 4 6 349 161} 27.0881799151 1.13448765067 -178.34 246.901 -178.4 246.984 2.16662
DRILLPOS OBJECT { 94 4 6 348 176} 26.9983114235 1.13158378113 -197.989 246.345 -198.057 246.429 2.16662
DRILLPOS OBJECT { 94 4 6 349 86} 27.0591346559 1.12962821667 -184.685 245.86 -184.747 245.943 2.16662
DRILLPOS OBJECT { 94 4 6 348 150} 26.9545050199 1.11989525091 -207.566 243.827 -207.639 243.912 2.16662
DRILLPOS OBJECT { 94 4 6 349 129} 27.1052863089 1.11790998194 -174.592 243.259 -174.649 243.339 2.16662
DRILLPOS OBJECT { 94 4 6 349 19} 27.034259932 1.09651770449 -190.097 238.629 -190.161 238.709 2.16662
DRILLPOS OBJECT { 94 4 6 349 100} 27.1092048972 1.0883809279 -173.718 236.794 -173.775 236.872 2.16662
DRILLPOS OBJECT { 125 4 6 254 825} 26.9519447468 1.04505479318 -208.059 227.43 -208.129 227.507 2.16662
DRILLPOS OBJECT { 125 4 6 254 98} 26.936036724 1.01383361273 -211.514 220.61 -211.585 220.684 2.16662
DRILLPOS OBJECT { 125 4 6 255 52} 27.0553765268 1.01314242301 -185.432 220.375 -185.493 220.448 2.16662
DRILLPOS OBJECT { 125 4 6 254 156} 26.871601199 0.966433143438 -225.578 210.293 -225.653 210.364 2.16662
DRILLPOS OBJECT { 125 4 6 254 253} 26.8515941513 0.96429049692 -229.957 209.842 -230.035 209.914 2.16662
DRILLPOS OBJECT { 125 4 6 253 82} 26.8156175797 0.963360141707 -237.838 209.674 -237.92 209.747 2.16662
DRILLPOS OBJECT { 125 4 6 254 163} 26.9261211624 0.867087500394 -213.591 188.541 -213.662 188.603 2.16662
DRILLPOS OBJECT { 125 4 6 254 153} 26.8661540569 0.859853844157 -226.695 186.997 -226.77 187.059 2.16662
DRILLPOS OBJECT { 94 4 5 349 99} 27.0832133864 0.831696413613 -179.294 180.757 -179.356 180.82 2.16662
DRILLPOS OBJECT { 94 4 5 348 168} 26.9402742903 0.823065076309 -210.481 178.924 -210.551 178.984 2.16662
DRILLPOS OBJECT { 94 4 5 348 77} 27.0172753209 0.820964124678 -193.674 178.436 -193.74 178.497 2.16662
DRILLPOS OBJECT { 94 4 6 351 154} 27.4166993355 1.27290617905 -106.71 277.02 -106.745 277.111 2.16662
DRILLPOS OBJECT { 94 4 6 351 152} 27.416472514 1.23254374643 -106.744 268.18 -106.779 268.268 2.16662
DRILLPOS OBJECT { 94 4 6 352 124} 27.5067744338 1.2067484186 -87.0512 262.507 -87.0801 262.594 2.16662
DRILLPOS OBJECT { 94 4 6 351 84} 27.4244428731 1.20044633949 -104.995 261.154 -105.03 261.241 2.16662
DRILLPOS OBJECT { 94 4 6 352 113} 27.4989350137 1.19210779746 -88.7563 259.308 -88.7859 259.395 2.16662
DRILLPOS OBJECT { 94 4 6 351 67} 27.3815706326 1.18136951744 -114.336 256.998 -114.374 257.083 2.16662
DRILLPOS OBJECT { 94 4 6 350 92} 27.2951424908 1.14153472027 -133.168 248.322 -133.212 248.404 2.16662
DRILLPOS OBJECT { 94 4 6 349 191} 27.1400686252 1.12385829015 -166.999 244.537 -167.054 244.618 2.16662
DRILLPOS OBJECT { 94 4 6 350 59} 27.1925053978 1.08929977819 -155.536 236.949 -155.588 237.027 2.16662
DRILLPOS OBJECT { 94 4 6 350 449} 27.2805722898 1.07763249884 -136.324 234.364 -136.37 234.442 2.16662
DRILLPOS OBJECT { 125 4 6 258 828} 27.4392093809 1.0297381824 -101.741 223.869 -101.777 223.95 2.16662
DRILLPOS OBJECT { 125 4 6 258 102} 27.4796296266 1.02068690659 -92.934 221.888 -92.968 221.969 2.16662
DRILLPOS OBJECT { 125 4 6 257 167} 27.3851346384 1.00841671507 -113.519 219.228 -113.56 219.307 2.16662
DRILLPOS OBJECT { 125 4 6 258 165} 27.5404832027 0.997977540796 -79.6761 216.927 -79.7064 217.009 2.16662
DRILLPOS OBJECT { 125 4 6 256 77} 27.2715158205 0.990369131306 -138.276 215.317 -138.324 215.392 2.16662
DRILLPOS OBJECT { 125 4 6 258 141} 27.4834792161 0.92883825534 -92.0853 201.859 -92.1216 201.938 2.16662
DRILLPOS OBJECT { 125 4 6 256 167} 27.2624469739 0.925412549558 -140.24 201.15 -140.291 201.222 2.16662
DRILLPOS OBJECT { 125 4 6 258 413} 27.5118647211 0.915015024297 -85.9015 198.842 -85.9361 198.922 2.16662
DRILLPOS OBJECT { 125 4 6 258 127} 27.4473244261 0.883435891409 -99.9556 191.966 -99.9959 192.043 2.16662
DRILLPOS OBJECT { 125 4 6 257 273} 27.3087349863 0.874521435693 -130.146 190.044 -130.195 190.116 2.16662
DRILLPOS OBJECT { 94 4 6 353 52} 27.6559317119 1.23443576275 -54.5544 268.528 -54.5726 268.617 2.16662
DRILLPOS OBJECT { 94 4 6 354 141} 27.8294413094 1.22881921077 -16.7551 267.282 -16.7607 267.372 2.16662
DRILLPOS OBJECT { 94 4 6 354 34} 27.850069845 1.19919407641 -12.2608 260.808 -12.265 260.898 2.16662
DRILLPOS OBJECT { 94 4 6 353 152} 27.7641283161 1.17105917366 -30.9787 254.669 -30.9894 254.757 2.16662
DRILLPOS OBJECT { 94 4 6 353 136} 27.7250557034 1.15352300964 -39.488 250.843 -39.5018 250.931 2.16662
DRILLPOS OBJECT { 94 4 6 354 191} 27.8035275483 1.14421008008 -22.3961 248.805 -22.4041 248.893 2.16662
DRILLPOS OBJECT { 94 4 6 353 73} 27.7625692084 1.14193530972 -31.3167 248.311 -31.3277 248.399 2.16662
DRILLPOS OBJECT { 94 4 6 352 166} 27.5909975469 1.12493045246 -68.6864 244.617 -68.7104 244.703 2.16662
DRILLPOS OBJECT { 94 4 6 353 783} 27.6673676656 1.12396101259 -52.0509 244.396 -52.0693 244.482 2.16662
DRILLPOS OBJECT { 94 4 6 353 87} 27.7713414579 1.09945265382 -29.4042 239.04 -29.4149 239.127 2.16662
DRILLPOS OBJECT { 94 4 6 352 84} 27.5931069819 1.06941695539 -68.2209 232.502 -68.2457 232.587 2.16662
DRILLPOS OBJECT { 125 4 6 260 17} 27.8022582726 1.04606385286 -22.6694 227.392 -22.6781 227.48 2.16662
DRILLPOS OBJECT { 125 4 6 258 179} 27.5664096533 0.979633486533 -74.0276 212.924 -74.0564 213.006 2.16662
DRILLPOS OBJECT { 125 4 6 258 93} 27.5684600866 0.950539881309 -73.5786 206.58 -73.6079 206.662 2.16662
DRILLPOS OBJECT { 125 4 6 259 162} 27.629479877 0.943586597133 -60.2893 205.058 -60.3139 205.142 2.16662
DRILLPOS OBJECT { 125 4 6 260 56} 27.7576758279 0.94214968477 -32.374 204.736 -32.3876 204.822 2.16662
DRILLPOS OBJECT { 125 4 6 259 97} 27.718191289 0.939106188012 -40.9714 204.074 -40.9886 204.16 2.16662
DRILLPOS OBJECT { 125 4 6 259 191} 27.7050659982 0.930706126199 -43.829 202.244 -43.8474 202.329 2.16662
DRILLPOS OBJECT { 125 4 6 259 139} 27.5938003829 0.923758703659 -68.0578 200.739 -68.0858 200.821 2.16662
DRILLPOS OBJECT { 125 4 6 260 129} 27.7462795086 0.856436170861 -34.8516 186.05 -34.8675 186.135 2.16662
DRILLPOS OBJECT { 94 4 6 355 46} 28.025942744 1.2554333944 26.0503 273.102 26.059 273.193 2.16662
DRILLPOS OBJECT { 94 4 6 355 202} 27.9919683579 1.24571826904 18.6486 270.975 18.6548 271.066 2.16662
DRILLPOS OBJECT { 94 4 6 354 155} 27.9206475912 1.23532125383 3.11219 268.701 3.11324 268.791 2.16662
DRILLPOS OBJECT { 94 4 6 355 131} 27.9513348404 1.23450374645 9.79678 268.522 9.80008 268.613 2.16662
DRILLPOS OBJECT { 94 4 6 354 147} 27.8743663062 1.2285255387 -6.96912 267.216 -6.97148 267.306 2.16662
DRILLPOS OBJECT { 94 4 6 355 81} 27.9687650267 1.22692128121 13.5934 266.866 13.598 266.956 2.16662
DRILLPOS OBJECT { 94 4 6 355 112} 28.0577843443 1.21650472402 32.9839 264.595 32.9951 264.685 2.16662
DRILLPOS OBJECT { 94 4 6 354 120} 27.9087417374 1.18092070224 0.518679 256.817 0.518859 256.906 2.16662
DRILLPOS OBJECT { 94 4 6 355 215} 28.0033042881 1.15454179724 21.1139 251.059 21.1214 251.148 2.16662
DRILLPOS OBJECT { 94 4 6 355 54} 27.9289669236 1.15099319519 4.92354 250.283 4.92528 250.371 2.16662
DRILLPOS OBJECT { 94 4 6 355 211} 27.9999203284 1.13518298563 20.3762 246.834 20.3835 246.922 2.16662
DRILLPOS OBJECT { 94 4 6 354 107} 27.8886339595 1.1005209048 -3.86038 239.269 -3.8618 239.357 2.16662
DRILLPOS OBJECT { 94 4 6 355 60} 27.937108984 1.09569316509 6.69625 238.216 6.69872 238.304 2.16662
DRILLPOS OBJECT { 94 4 6 355 91} 27.9864383219 1.0911964095 17.4389 237.235 17.4453 237.323 2.16662
DRILLPOS OBJECT { 94 4 6 354 224} 27.8625449317 1.08833939771 -9.54178 236.612 -9.54532 236.7 2.16662
DRILLPOS OBJECT { 94 4 6 355 221} 28.014240945 1.07124556122 23.493 232.884 23.5018 232.972 2.16662
DRILLPOS OBJECT { 125 4 6 261 920} 27.9234181356 1.06199301393 3.71456 230.864 3.71597 230.952 2.16662
DRILLPOS OBJECT { 125 4 6 262 123} 28.0271739922 1.01184358139 26.3075 219.93 26.3179 220.016 2.16662
DRILLPOS OBJECT { 125 4 6 261 88} 27.9624678473 0.977297882234 12.2169 212.395 12.2219 212.482 2.16662
DRILLPOS OBJECT { 125 4 6 261 428} 27.9383143679 0.884192920756 6.95687 192.096 6.95999 192.182 2.16662
DRILLPOS OBJECT { 94 4 6 356 114} 28.2017562767 1.24521979688 64.3542 270.893 64.3755 270.983 2.16662
DRILLPOS OBJECT { 94 4 6 356 77} 28.0791460647 1.22288383228 37.6379 265.991 37.6506 266.081 2.16662
DRILLPOS OBJECT { 94 4 6 356 191} 28.2103186495 1.21250528174 66.2141 263.742 66.2363 263.83 2.16662
DRILLPOS OBJECT { 94 4 6 355 138} 28.0681735585 1.20374031378 35.2461 261.807 35.2581 261.896 2.16662
DRILLPOS OBJECT { 94 4 6 356 129} 28.1734218962 1.13437824015 58.1658 246.671 58.1862 246.758 2.16662
DRILLPOS OBJECT { 94 4 6 356 122} 28.213652678 1.11817805034 66.9275 243.14 66.951 243.226 2.16662
DRILLPOS OBJECT { 94 4 6 356 109} 28.1968474648 1.10555007117 63.2655 240.382 63.288 240.468 2.16662
DRILLPOS OBJECT { 94 4 6 355 256} 28.0593311523 1.10170247496 33.3139 239.531 33.326 239.618 2.16662
DRILLPOS OBJECT { 94 4 6 357 41} 28.2444674766 1.08538206934 73.6362 235.987 73.6626 236.072 2.16662
DRILLPOS OBJECT { 94 4 6 356 231} 28.074708801 1.08267590745 36.662 235.381 36.6755 235.467 2.16662
DRILLPOS OBJECT { 94 4 6 356 168} 28.1307758115 1.07190889855 48.872 233.036 48.8901 233.122 2.16662
DRILLPOS OBJECT { 94 4 6 357 33} 28.2367195577 1.06824240939 71.9467 232.247 71.9728 232.331 2.16662
DRILLPOS OBJECT { 125 4 6 262 194} 28.1513040854 1.03051139548 53.3401 224.008 53.3604 224.093 2.16662
DRILLPOS OBJECT { 125 4 6 262 88} 28.1748717159 1.0071204789 58.4711 218.909 58.4937 218.993 2.16662
DRILLPOS OBJECT { 125 4 6 263 23} 28.2466453182 1.00512759065 74.1026 218.481 74.1308 218.564 2.16662
DRILLPOS OBJECT { 125 4 6 262 997} 28.1678272203 0.963181640538 56.934 209.327 56.9569 209.412 2.16662
DRILLPOS OBJECT { 125 4 6 262 176} 28.1196354388 0.94245450898 46.4384 204.805 46.4577 204.89 2.16662
DRILLPOS OBJECT { 125 4 6 263 85} 28.2525525436 0.903554723244 75.3804 196.336 75.4117 196.417 2.16662
DRILLPOS OBJECT { 125 4 6 262 73} 28.1736469526 0.855220254327 58.1938 185.792 58.2197 185.874 2.16662
DRILLPOS OBJECT { 94 4 5 357 93} 28.2510724399 0.843107434061 75.0528 183.159 75.0856 183.239 2.16662
DRILLPOS OBJECT { 94 4 6 357 57} 28.291299802 1.25728724508 83.8719 273.556 83.8995 273.646 2.16662
DRILLPOS OBJECT { 94 4 6 358 156} 28.4379517373 1.19178195575 115.823 259.275 115.861 259.36 2.16662
DRILLPOS OBJECT { 94 4 6 358 394} 28.437072077 1.15276325031 115.618 250.743 115.657 250.826 2.16662
DRILLPOS OBJECT { 94 4 6 357 60} 28.2932118271 1.0990694788 84.2566 238.982 84.2861 239.065 2.16662
DRILLPOS OBJECT { 94 4 6 358 405} 28.4424850939 1.09233946052 116.782 237.545 116.822 237.625 2.16662
DRILLPOS OBJECT { 125 4 6 263 116} 28.3090020156 1.06231828275 87.6915 230.964 87.7229 231.047 2.16662
DRILLPOS OBJECT { 125 4 6 263 119} 28.313522879 1.0390921781 88.6734 225.898 88.7057 225.98 2.16662
DRILLPOS OBJECT { 125 4 6 263 103} 28.2922073344 1.0251613044 84.0286 222.856 84.0596 222.938 2.16662
DRILLPOS OBJECT { 125 4 6 263 184} 28.2645999696 1.02305593159 78.015 222.393 78.0441 222.476 2.16662
DRILLPOS OBJECT { 125 4 6 264 24} 28.3744849984 1.01695258264 101.951 221.078 101.988 221.158 2.16662
DRILLPOS OBJECT { 125 4 6 263 1136} 28.3188477375 1.00434820794 89.8293 218.32 89.8627 218.401 2.16662
DRILLPOS OBJECT { 125 4 6 263 153} 28.2720350905 0.985886050901 79.6308 214.288 79.6614 214.37 2.16662
DRILLPOS OBJECT { 125 4 6 264 140} 28.3385979276 0.920751596392 94.1224 200.095 94.1596 200.174 2.16662
DRILLPOS OBJECT { 125 4 6 263 292} 28.2880313639 0.880608505203 83.1051 191.338 83.1398 191.418 2.16662
DRILLPOS OBJECT { 125 4 6 263 152} 28.2706459943 0.878005730416 79.3186 190.768 79.352 190.849 2.16662
DRILLPOS OBJECT { 125 4 6 264 105} 28.3297417097 0.877640153625 92.189 190.695 92.227 190.774 2.16662
DRILLPOS OBJECT { 125 4 6 263 105} 28.305814679 0.868652381307 86.9769 188.733 87.0134 188.813 2.16662
DRILLPOS OBJECT { 125 4 6 264 117} 28.407779089 0.866141232574 109.186 188.199 109.229 188.275 2.16662
DRILLPOS OBJECT { 94 4 5 357 39} 28.2873292012 0.840105653013 82.9483 182.509 82.9842 182.588 2.16662
DRILLPOS OBJECT { 94 4 5 357 214} 28.3705130447 0.829968101579 101.064 180.31 101.107 180.386 2.16662
DRILLPOS OBJECT { 94 4 6 359 159} 28.5738692158 1.26136317019 145.516 274.594 145.565 274.686 2.16662
DRILLPOS OBJECT { 94 4 6 360 124} 28.6707421576 1.25257407112 166.677 272.748 166.734 272.843 2.16662
DRILLPOS OBJECT { 94 4 6 359 42} 28.6436245583 1.2139085837 160.718 264.239 160.772 264.328 2.16662
DRILLPOS OBJECT { 94 4 6 359 44} 28.6282056758 1.20304398628 157.343 261.845 157.395 261.933 2.16662
DRILLPOS OBJECT { 94 4 6 359 112} 28.5523175696 1.16700521633 140.757 253.906 140.803 253.989 2.16662
DRILLPOS OBJECT { 94 4 6 360 147} 28.7037946251 1.16420350341 173.828 253.391 173.887 253.476 2.16662
DRILLPOS OBJECT { 94 4 6 360 113} 28.7266554453 1.16193075652 178.823 252.912 178.883 252.997 2.16662
DRILLPOS OBJECT { 94 4 6 359 90} 28.6385696902 1.14715217945 159.571 249.61 159.624 249.692 2.16662
DRILLPOS OBJECT { 94 4 6 359 70} 28.5873631952 1.13840946388 148.39 247.668 148.439 247.749 2.16662
DRILLPOS OBJECT { 94 4 6 359 77} 28.5956666325 1.11203159572 150.19 241.903 150.24 241.983 2.16662
DRILLPOS OBJECT { 94 4 6 359 162} 28.5778907533 1.10678184934 146.31 240.747 146.358 240.827 2.16662
DRILLPOS OBJECT { 94 4 6 359 803} 28.6343125259 1.08257782239 158.609 235.483 158.662 235.56 2.16662
DRILLPOS OBJECT { 125 4 6 266 77} 28.6929455891 1.05572705634 171.393 229.643 171.45 229.719 2.16662
DRILLPOS OBJECT { 125 4 6 266 362} 28.6851407813 1.01105932528 169.67 219.879 169.727 219.952 2.16662
DRILLPOS OBJECT { 125 4 6 265 207} 28.6235230017 1.00974926985 156.229 219.568 156.281 219.642 2.16662
DRILLPOS OBJECT { 125 4 6 266 109} 28.637622834 0.97173584063 159.292 211.275 159.346 211.347 2.16662
DRILLPOS OBJECT { 125 4 6 265 157} 28.5258948487 0.950594530684 134.932 206.633 134.98 206.707 2.16662
DRILLPOS OBJECT { 125 4 6 268 140} 28.9833742725 0.932375734893 234.802 202.874 234.881 202.942 2.16662
DRILLPOS OBJECT { 125 4 6 265 29} 28.5738455266 0.880795097272 145.369 191.422 145.423 191.492 2.16662
DRILLPOS OBJECT { 125 4 6 265 530} 28.5888274736 0.873920121252 148.633 189.926 148.688 189.995 2.16662

